position	CD8TIL-others	MEL_TUMOR-others
chr1:64563	-0.0826666666666667	0.0826666666666667
chr1:64764	0.2683333333333333	-0.2683333333333333
