position	MEL_TUMOR-others	PBLCD8-others
chr1:64495	-0.09799999999999998	0.09799999999999998
chr1:64563	0.12683333333333338	-0.12683333333333338
chr1:64764	-0.2005	0.2005
