CD4	CD8	nB	NK	Mn	mNeu	m8	DC	Eo	Tr	m4	Mg	Er	mB
6.849812	4.63154	0.433564	6.396806	17.878973	1.571212	9.7788	0.001	2.933731	3.261168	8.319951	17.030488	4.751682	16.161272
11.103764	5.370826	9.463014	7.608245	11.135905	9.795449	1.886459	0.001	9.120192	7.456366	9.757159	10.682657	6.264282	0.354684
1.131117	5.885924	14.979867	1.179999	2.792052	16.507002	3.50468	0.001	7.504856	7.002615	15.039647	15.58167	1.72523	7.164341
2.514619	10.380251	11.088412	2.38741	4.040498	5.617454	10.372424	0.001	1.90174	10.046647	8.326837	11.376524	11.101462	10.844722
0.254441	2.686619	11.349128	5.694499	2.124326	8.436695	8.903871	0.001	10.32668	16.192889	9.81165	9.057729	13.039988	2.120486
9.08849	12.469533	9.198146	4.104947	3.403101	4.416932	10.713952	0.001	2.745259	7.878927	8.068927	1.643196	15.051017	11.216572
11.904597	15.249637	0.568449	12.042297	3.410058	13.764307	7.344434	0.001	11.164204	5.345278	1.958465	1.831107	4.585163	10.831003
3.622757	12.698115	7.281697	6.906276	7.817657	5.909665	7.170835	0.001	2.08723	1.572138	12.896457	8.830998	10.852495	12.352681
1.321465	11.300843	6.468082	7.595333	12.042272	8.229699	6.741681	0.001	9.014338	7.075848	10.735321	1.176851	14.31013	3.987138
12.913314	2.978219	8.486479	2.772066	10.011604	10.481695	9.264455	0.001	5.227641	12.589982	11.731263	9.75869	3.581189	0.202403
4.476117	9.142702	4.182559	8.595671	11.220091	10.181926	12.066335	0.417625	10.244493	0.139999	3.216424	2.512924	13.439771	10.163364
11.66464	5.537841	14.471609	2.26724	10.698147	2.636952	3.023732	0.417625	14.432885	4.046075	3.577604	10.820778	10.284546	6.120325
14.266899	13.405459	9.907624	4.192667	11.581406	8.048689	11.394081	0.417625	3.458269	3.551856	1.533704	7.445957	9.083967	1.711797
7.884333	6.08622	5.03555	8.817912	9.494674	1.261871	10.499982	0.417625	11.601248	1.765618	10.504773	7.850177	9.671956	9.108061
10.029297	13.779496	5.121461	3.570305	13.955497	17.729197	7.29862	0.417625	1.235433	7.149857	3.648386	0.562004	8.167817	7.335006
1.26407	0.168152	12.122445	10.10626	10.807319	14.747725	9.242471	0.417625	5.141132	12.874672	7.751632	3.900624	2.692984	8.762888
10.884338	1.723486	4.055208	1.497837	13.361496	6.530973	11.230069	0.417625	5.568684	13.151973	5.79574	1.195464	12.788039	11.799068
0.546588	3.128544	8.887283	15.091398	11.839564	2.86198	14.709195	0.417625	5.999931	8.041224	3.482656	8.86806	11.05588	5.070071
10.052576	12.891247	0.230077	10.332704	13.20994	7.460533	12.411231	0.417625	3.641476	5.128981	0.307589	13.056357	8.409171	2.450495
9.584343	6.680739	3.969731	11.801594	11.691192	7.839224	7.559976	0.417625	11.369	7.693536	2.545085	1.475609	10.314532	7.057814
4.379994	6.580555	14.11685	3.162014	13.923471	2.13968	14.192857	0.83425	3.227856	4.139969	9.805611	9.641162	2.230149	11.625582
8.207159	8.609254	10.20219	4.863435	8.383196	8.670486	7.787974	0.83425	6.628131	8.247463	5.467682	9.535006	2.41266	10.151114
6.740495	7.268638	7.224685	14.676388	1.821544	1.840998	4.962361	0.83425	9.065269	13.098707	6.515947	11.048323	11.904593	2.997801
5.159646	8.009668	0.856409	12.841976	11.187818	0.246799	8.160592	0.83425	1.127902	12.583247	10.28155	6.001731	12.551872	10.15654
9.481457	6.150619	14.281734	2.073551	2.351148	7.543898	14.576791	0.83425	5.56783	3.064596	1.430299	14.469154	13.485215	4.689458
0.711791	13.997393	15.069218	14.613105	7.370506	6.037071	6.121396	0.83425	1.138992	2.422796	7.267344	1.784908	12.251693	10.379537
13.218551	4.868337	13.382134	8.479208	10.439305	3.74518	7.570213	0.83425	11.934443	8.609025	4.625753	5.676366	6.613	0.004235
7.853216	10.87264	2.039721	7.044135	8.001882	0.334106	2.612748	0.83425	12.146295	10.012042	0.178402	12.19193	12.748129	13.130502
7.021598	4.148751	8.110442	16.819282	4.373668	2.677061	3.345231	0.83425	0.347683	14.911871	18.299581	2.744449	9.618304	6.747828
17.063589	9.549181	4.286119	0.255014	2.352079	7.151457	12.854143	0.83425	2.565255	0.175688	17.023897	10.345649	0.630381	14.913298
8.709107	12.720151	5.749549	3.925331	3.096963	1.341642	11.176199	1.250875	15.639992	7.421584	9.437485	6.832424	3.435861	9.262836
12.196572	2.021512	14.87958	10.759778	5.409049	2.659139	8.679672	1.250875	3.41067	3.088699	0.580492	11.927807	8.543807	14.592347
7.323563	8.262042	11.269317	7.407205	9.601929	0.16872	11.109274	1.250875	7.385676	8.974808	0.344125	8.861302	9.575232	8.465931
3.803221	1.304656	3.514291	12.635755	6.525741	5.175796	9.202553	1.250875	11.788541	2.056343	13.655389	7.119867	12.124271	9.842701
9.046828	8.682882	11.891852	0.857097	9.214037	10.021182	2.940569	1.250875	10.455488	6.064363	8.165369	10.576575	9.341896	1.490986
9.626349	13.630368	12.265624	0.311669	8.234005	3.300609	4.678458	1.250875	8.808339	9.874799	8.924093	4.710861	13.877287	0.506664
8.707616	2.430914	3.376187	8.640573	21.711915	18.926366	4.110137	1.250875	5.779368	5.377772	7.537928	0.582784	2.574036	8.99353
12.509388	10.690613	6.069085	13.029316	3.804351	7.640451	13.30318	1.250875	0.732234	3.951725	2.738674	4.513461	6.001054	13.765593
6.3629	1.156854	10.621829	10.4809	8.490459	7.460189	11.013479	1.250875	10.521518	7.87566	9.096902	7.290121	1.234984	7.143332
12.041554	3.861345	0.186304	14.673893	6.287416	15.541257	2.752872	1.250875	4.597036	5.504617	2.517832	5.751544	8.497851	16.535604
13.304414	2.618182	8.884335	0.425567	12.674229	4.864774	11.416023	1.6675	3.176951	9.201645	8.050936	7.206032	14.388247	2.121165
3.717612	8.832177	8.772718	3.108323	12.019693	8.768802	10.561581	1.6675	5.267616	13.721137	2.45324	5.615747	12.026565	3.467288
0.705255	9.91801	11.428228	10.496662	1.038392	8.497793	10.719169	1.6675	11.662801	0.451543	5.590448	8.41158	10.283813	9.128806
8.196764	5.649356	2.928034	3.97152	6.375996	6.574952	3.494074	1.6675	10.673376	8.323995	4.945859	7.007191	15.107901	15.083481
0.961055	8.472712	9.925002	0.501866	9.669842	5.784522	9.645995	1.6675	6.50806	7.889216	13.292788	9.574909	3.582096	12.524436
2.316211	5.524452	4.532204	11.305593	4.866302	7.235385	11.981193	1.6675	9.02921	12.222552	10.088123	11.473648	0.124266	7.63336
6.862895	12.474583	9.936296	0.239266	4.250149	12.166434	5.036263	1.6675	4.633319	3.663498	12.682305	12.053434	12.538083	1.795977
7.474719	10.391884	10.148521	6.782462	7.304901	12.213382	6.269284	1.6675	10.439551	0.798242	8.219306	8.022893	6.98743	3.279922
6.471126	9.820325	11.652821	1.086259	4.944414	4.562386	5.223771	1.6675	5.383031	12.605416	13.440901	0.611295	13.726045	8.804711
8.774718	0.140578	15.620299	0.395657	5.920095	9.913503	0.858327	1.6675	8.698515	3.978468	8.981337	13.406352	5.247654	16.396997
5.597217	8.223375	4.743385	12.081523	5.356413	0.425701	12.997967	2.084125	10.031279	7.066411	12.359168	8.310561	0.097209	10.625668
3.583548	8.913355	3.81507	12.204789	1.223312	10.32398	10.172668	2.084125	2.886165	9.134556	10.382059	8.204736	11.551969	5.519668
2.689908	4.694817	9.561687	5.504607	3.613494	8.430831	13.214882	2.084125	8.704418	6.443139	11.353622	5.508696	3.606503	14.58927
9.206354	12.026383	6.220691	5.215937	10.612149	13.994684	5.253848	2.084125	6.13816	1.838143	10.294394	1.393064	12.342975	3.379094
6.796204	4.777904	10.049599	8.028916	4.587263	13.850439	15.337483	2.084125	2.861822	4.602904	3.129949	10.885353	4.83873	8.169308
9.215994	9.86963	9.263685	3.69723	10.232123	3.86818	7.080936	2.084125	5.208823	6.896577	3.18942	9.043227	9.505273	10.844778
1.167411	12.253277	14.634468	0.639945	11.083064	14.747859	13.1736	2.084125	1.798773	0.662654	11.703485	9.367908	4.043375	2.640057
12.257166	1.0897	5.521375	12.745206	5.58572	6.430041	1.345507	2.084125	12.452797	14.315671	4.919534	6.171007	10.219868	4.862282
10.321337	7.634834	13.249044	6.686768	13.181836	9.731471	4.688205	2.084125	2.02421	9.50961	3.43335	1.081279	5.089807	11.284124
11.652184	8.627487	13.186948	9.748112	4.985098	2.723297	10.586056	2.084125	3.92883	3.755123	7.721991	2.35763	12.908383	5.734735
1.580652	5.461672	0.007042	12.652175	10.908714	5.799194	10.081703	2.50075	13.138361	6.320239	7.864744	10.10016	5.95474	7.629854
7.858485	4.916205	16.473518	15.147045	3.865029	0.113288	9.453879	2.50075	2.147171	8.786923	1.426089	10.156333	7.615223	9.540062
7.68156	5.436997	7.403292	10.9082	8.51927	5.726079	10.640153	2.50075	8.829511	9.214051	3.367749	5.433766	4.213334	10.125286
10.815548	8.040646	9.94324	1.184815	0.226057	17.753285	5.549884	2.50075	13.582521	5.326739	1.493335	12.088024	10.290435	1.204721
4.070159	11.386131	9.686632	8.127484	5.460026	1.275691	7.559125	2.50075	11.196876	7.201106	11.080963	3.75999	0.303967	16.391099
15.458158	12.969567	4.884821	12.360982	2.024356	8.377464	9.765815	2.50075	3.606463	3.094297	16.566025	4.249	2.534873	1.607429
12.865964	2.873641	9.579775	5.413255	4.966584	11.717563	7.913459	2.50075	11.02189	6.437051	5.772259	4.708158	2.653503	11.576149
13.797638	4.373607	11.815163	7.358676	0.541859	14.1239	14.661197	2.50075	2.549554	2.082075	8.323081	4.756754	5.146499	7.969248
6.420896	2.338046	14.024047	12.798781	0.741838	1.472976	2.716944	2.50075	8.520476	4.430314	11.777796	11.089314	7.592446	13.575378
9.33041	5.175748	2.656985	3.300499	6.688767	5.178472	3.915095	2.50075	15.872516	6.416429	6.370086	4.165596	15.751626	12.677022
8.703125	0.187421	5.866738	14.808016	10.273632	13.279646	6.380184	2.917375	2.563732	13.401892	0.24434	1.451438	5.727898	14.194563
3.06778	12.773348	7.417909	10.19295	3.068614	4.233752	11.01722	2.917375	8.963732	12.364233	3.298195	7.909145	11.233269	1.542477
10.611638	4.473379	5.652193	8.749586	5.611046	7.330261	9.423055	2.917375	7.725898	8.842223	11.2578	2.45903	3.55542	11.391097
11.234692	7.889898	7.687454	3.409197	9.370097	5.473155	6.874606	2.917375	12.172642	6.483821	5.18975	7.706109	2.507173	11.08403
11.136305	12.369415	1.182364	9.713174	7.779458	2.381025	6.740114	2.917375	8.304618	4.74282	12.537395	12.277609	6.837516	1.080813
7.584868	12.490372	12.041181	6.400738	2.919249	1.777508	2.592712	2.917375	6.74227	2.862154	8.232601	11.206944	12.568272	9.663755
10.048433	9.498783	14.257558	4.769228	1.898342	1.401808	8.967552	2.917375	5.603932	1.216272	13.065145	15.189414	1.017134	10.149025
7.984884	3.645929	2.98347	5.37734	10.011444	11.298588	8.838655	2.917375	8.761226	7.886754	10.839452	4.55087	4.552536	10.351477
5.219222	5.873852	3.889783	6.226286	10.769347	6.690581	5.160734	2.917375	1.949465	9.978057	6.603106	12.532799	13.251041	8.938351
16.67806	0.466047	7.974048	11.153692	1.003582	9.514872	2.746442	2.917375	10.807392	12.521237	7.748544	12.181684	0.062856	4.22417
2.98051	11.392627	10.252731	8.680971	9.006685	4.831662	4.236045	3.334	11.262189	11.48124	8.279292	4.334151	3.631244	6.296653
12.418164	4.282607	1.58248	8.946747	10.955277	4.905026	4.542047	3.334	2.760706	3.362692	6.972256	12.140912	11.401999	12.395086
5.533936	2.710829	14.153206	7.535601	10.063709	8.033264	15.927269	3.334	5.204477	5.674311	12.315328	1.829455	1.941765	5.74285
4.052461	5.578873	3.698887	9.591358	2.86323	7.184335	10.523746	3.334	0.92572	3.241873	15.896104	11.232472	14.509335	7.367607
9.754961	12.084008	5.899686	11.596613	7.311958	0.571073	7.144525	3.334	4.933619	7.59626	3.28991	11.611337	8.168515	6.703535
5.70935	11.51602	2.066207	2.058343	12.116418	8.077835	3.499699	3.334	3.478388	1.612845	11.929512	12.022215	12.22048	10.358687
12.10491	11.972515	7.638927	9.434937	4.241446	9.137552	9.209773	3.334	4.774324	1.69849	2.407049	8.551873	10.052467	5.44174
4.825451	5.543347	3.92793	12.032498	7.949909	13.128754	9.801671	3.334	0.039381	7.207996	8.82821	9.391783	1.045544	12.943525
2.47382	10.391735	1.962899	9.662721	10.457026	9.851901	0.895328	3.334	8.248722	11.793363	9.528772	10.907501	10.192424	0.299787
7.14503	5.456898	6.167144	7.799221	2.130752	5.497496	10.846656	3.334	3.744248	10.969725	11.441676	10.955903	1.84053	12.670722
12.684479	8.133695	9.434638	4.732353	8.544583	5.909739	12.515293	3.750625	5.916036	12.602312	7.327483	0.393942	5.76753	2.287291
2.387133	9.564486	3.02686	9.383944	16.430891	13.091544	1.756359	3.750625	10.418361	10.394223	2.192996	9.672427	7.743921	0.186228
13.796533	7.643214	12.83653	10.014207	2.685628	13.291975	10.169361	3.750625	3.547618	0.390593	14.345201	0.815324	5.111308	1.601882
6.789378	2.145788	16.462655	6.73524	1.229708	10.917728	11.81369	3.750625	9.971779	0.057753	5.570661	5.195499	13.330859	6.028637
7.230142	6.44519	5.068504	8.473047	9.995171	4.225522	5.103378	3.750625	5.252704	5.511142	9.629155	6.09507	11.27663	11.94372
5.379289	11.245034	1.583753	2.696467	5.875575	6.3513	11.865801	3.750625	8.288236	11.806012	3.775471	12.973703	12.986781	1.421953
1.473914	10.51432	6.916538	5.560114	1.923495	12.071189	6.537815	3.750625	9.842547	6.16779	7.057711	12.222885	7.271929	8.689127
14.842344	4.136766	3.28166	14.912051	3.862191	13.127324	9.284675	3.750625	0.356212	10.497468	4.534251	4.492729	5.664354	7.257351
0.519838	6.853504	2.521169	6.751847	6.126402	14.959591	14.331514	3.750625	10.443937	3.876887	3.330198	10.258521	6.280639	9.995326
10.194646	3.507287	12.598494	11.406647	6.649017	8.897307	9.710825	3.750625	1.740364	9.760998	2.067189	0.454141	8.631346	10.631115
4.074255	9.01115	6.539772	2.581434	10.184116	9.014044	3.313899	4.16725	10.444974	7.874115	8.026748	6.497137	11.751724	6.519382
14.265057	0.758846	6.582802	4.23717	4.152461	8.485877	7.283056	4.16725	10.434141	5.300112	3.671695	12.038096	3.83744	14.785997
6.10762	3.173733	9.056591	6.059082	12.67323	9.131027	4.029355	4.16725	4.686764	12.17149	1.800939	8.313861	8.18639	10.442669
1.842958	10.351412	5.397868	11.975928	12.896235	7.415412	14.030456	4.16725	6.969193	6.511867	0.201401	7.302503	3.932505	7.005011
9.849482	14.509462	5.71253	13.627945	2.229207	4.513932	15.952073	4.16725	4.380579	0.743781	2.195572	11.956641	6.610304	3.551243
4.669847	11.646836	2.769057	8.493356	9.684471	5.360433	2.411614	4.16725	12.916324	5.448663	5.797587	5.553471	8.184458	12.896633
9.478148	7.422726	6.648978	10.283749	3.629199	3.965632	9.952784	4.16725	11.988734	10.533365	0.871579	3.696947	6.826776	10.534135
2.69891	0.814238	1.827492	3.440165	4.272279	11.902526	14.334421	4.16725	7.817366	11.0623	10.46529	14.803256	6.680586	5.71392
8.262913	7.238734	7.107697	3.611386	9.166635	6.167954	8.200594	4.16725	1.635951	5.141137	8.86301	10.956513	9.748121	9.732104
0.370302	7.365285	11.349927	1.381072	6.500908	9.13705	4.113449	4.16725	9.146217	5.565825	9.022929	11.438601	9.931241	10.509946
10.283773	3.596381	10.325937	0.895169	5.524898	11.604312	7.853205	4.583875	4.739652	12.591894	8.713097	3.579571	9.598893	6.109343
14.468649	5.164061	12.447287	6.806512	2.73026	9.816204	9.834895	4.583875	1.2291	13.168375	1.966809	8.894083	8.307203	0.582688
8.710766	16.815018	12.112684	6.577521	5.296174	6.970459	6.088674	4.583875	11.680746	10.209445	2.729947	4.105348	3.833081	0.286262
4.748222	2.863254	13.170316	4.611078	6.654411	14.866733	3.621311	4.583875	6.295287	3.172548	13.032339	8.062827	4.665123	9.652675
7.728289	4.080875	10.951511	10.788097	4.008219	4.849578	0.038271	4.583875	10.337331	5.106714	12.446698	8.455813	12.931676	3.693053
5.575773	20.076348	11.822447	0.92637	16.884869	7.176954	9.28995	4.583875	0.702518	0.367585	0.537728	7.035669	9.999017	5.020898
14.015761	10.494947	0.205703	11.318374	0.066098	2.524155	6.793624	4.583875	8.450379	13.132099	9.699288	13.123869	1.658374	3.933454
10.005945	4.423264	4.009007	7.478092	6.938145	5.545348	10.584428	4.583875	2.762831	6.751535	10.938619	10.721277	3.668958	11.588676
10.117102	4.659202	8.968697	8.191962	1.296643	10.255545	11.306	4.583875	7.177079	3.6554	4.347678	8.55392	9.329119	7.55778
4.757309	9.007987	3.673419	0.066549	13.384458	10.850509	5.525989	4.583875	7.576835	3.879711	13.689986	6.603008	10.041859	6.358507
3.519945	12.364808	9.949085	9.925033	10.334209	1.16708	2.674755	5.0005	3.569351	8.17637	9.955501	0.244694	10.986431	12.132238
7.380827	10.04822	10.481731	11.170247	6.463699	6.992162	6.904407	5.0005	10.753536	10.571337	0.84013	3.450729	6.492285	3.450191
13.022402	5.960365	8.943431	10.047211	9.688147	0.351976	12.568463	5.0005	2.848505	6.455113	1.487792	8.317805	11.872158	3.436131
7.642912	10.193278	2.869906	16.216498	8.555213	2.912892	3.605665	5.0005	3.385699	8.699582	9.102393	7.120502	14.432585	0.262375
11.17501	5.727411	4.575494	4.624437	8.341302	8.159141	9.451934	5.0005	5.045715	1.644488	8.719186	11.214481	5.590873	10.730028
2.912297	1.414567	3.732209	13.424333	3.791922	7.17872	14.493464	5.0005	4.180339	5.14542	10.137552	10.05401	5.161056	13.373611
8.827161	5.137219	5.742897	15.490137	13.832828	4.596625	7.536798	5.0005	1.389551	13.012262	3.489885	3.492538	7.744331	4.707269
15.665642	1.955429	15.409133	6.178393	8.785173	2.256628	8.669188	5.0005	1.365797	1.36544	7.433937	8.923909	13.028596	3.962235
11.648808	13.710581	2.806925	9.473626	15.937419	0.681376	5.381846	5.0005	6.300933	3.707918	10.665832	8.647785	5.407684	0.628768
5.088153	6.97024	12.496162	13.357434	7.543575	3.039337	8.094939	5.0005	2.558153	3.112578	10.785029	9.811934	8.251339	3.890626
2.08461	9.086032	10.273433	12.843966	7.230409	6.587986	6.080892	5.417125	6.430712	13.317996	4.086136	0.468832	11.579326	4.512544
1.181694	11.877341	2.031651	8.905254	10.313846	3.755472	14.191846	5.417125	10.975507	4.002961	1.921455	7.111594	3.671279	14.642975
1.720159	4.166805	12.451157	2.72326	9.899374	1.733175	3.355727	5.417125	7.364136	1.129525	13.040919	15.827719	6.684404	14.486513
4.455613	8.301679	6.639509	10.780539	9.05484	2.491482	7.106529	5.417125	2.334958	6.811306	8.673313	10.792095	7.299043	9.84197
7.428297	12.632875	8.703795	6.439681	6.843295	13.507307	5.542105	5.417125	9.596393	12.076298	7.079831	1.123685	2.655076	0.954237
0.780726	3.295291	3.854327	13.547921	6.023927	12.043316	3.554877	5.417125	6.436374	8.285902	5.933381	11.169847	15.520439	4.136548
3.678338	4.586603	14.692293	5.158785	14.551979	6.492394	7.908831	5.417125	10.48701	2.388516	19.149802	2.357829	2.088008	1.042487
8.985857	3.339929	11.748719	14.877568	13.283768	4.70435	2.240722	5.417125	3.285369	14.714595	5.351332	3.950386	5.682506	2.417774
5.353033	12.553225	4.862795	2.585209	6.37285	3.729844	4.885514	5.417125	6.00448	7.465482	11.612505	10.470262	6.592591	12.095086
11.348437	1.294957	11.472343	6.505048	2.99523	8.064932	6.818298	5.417125	10.073162	2.636358	8.98975	4.926435	11.304637	8.153288
10.320657	4.681447	2.924604	11.366879	5.936669	12.311393	1.249792	5.83375	3.035018	12.160591	5.497255	12.208718	8.510811	3.962418
3.3274	9.304465	12.794293	8.40914	6.044548	7.930777	12.367311	5.83375	8.686436	8.01348	1.023013	5.396194	7.150871	3.718322
7.375303	9.644846	11.27377	15.784753	4.357175	0.915993	15.01486	5.83375	7.04397	0.012832	2.728689	12.64759	5.69898	1.667488
5.369564	11.657388	11.738123	0.847049	10.525254	3.731206	11.687378	5.83375	4.179796	1.951122	11.952787	3.603904	10.088911	6.83377
11.260309	3.119251	12.560949	11.086623	10.588883	6.015488	12.053066	5.83375	1.235532	11.27583	1.76703	1.856688	0.458101	10.888501
11.736161	11.975019	7.95127	4.162583	3.948357	10.241951	2.761918	5.83375	13.358737	0.817961	9.890884	13.478073	0.151708	3.691628
5.434227	11.030357	6.895377	8.535896	2.62068	2.470574	11.243215	5.83375	1.997259	8.734893	9.533992	3.389773	6.747124	15.532885
7.680714	6.092926	10.984538	10.828497	9.07231	3.37093	11.831018	5.83375	10.112804	6.494411	12.255597	4.081841	1.028067	0.332598
5.169728	0.002052	1.04334	5.801684	0.998209	3.533591	10.396747	5.83375	8.040488	15.910956	17.427902	4.032211	12.564685	9.244656
3.907182	13.380802	6.323686	14.571442	5.178121	15.889702	5.229061	5.83375	2.223469	2.707839	2.789433	8.631669	5.905743	7.428101
11.456215	3.483472	3.903369	9.560138	5.939829	2.340721	12.462458	6.250375	7.996128	3.450778	12.078461	4.48771	7.207912	9.382436
7.718084	10.899756	8.763317	0.697771	2.426598	15.016323	13.015854	6.250375	6.904216	7.744133	9.671423	1.011398	9.544834	0.335917
7.704006	11.83251	4.550209	1.210052	6.531978	8.491296	4.699422	6.250375	7.451906	3.113946	8.297758	10.662739	10.009044	9.194759
5.785361	9.536822	5.961984	2.991464	9.655807	1.847979	8.439106	6.250375	10.884922	6.476564	1.056401	8.719788	13.055761	9.337665
12.164818	1.290365	10.869121	3.824791	10.545876	10.993811	8.75404	6.250375	4.321758	8.483287	0.357413	2.536698	14.433577	5.17407
1.103784	4.120794	6.168403	11.951933	4.849736	8.406086	11.971089	6.250375	10.938091	10.739001	10.573902	2.51075	10.321687	0.094369
3.359116	9.15344	5.235175	3.473627	12.37339	11.791537	5.61888	6.250375	8.743374	4.297567	1.27968	6.446878	9.863696	12.113266
10.247098	9.731634	0.125458	9.232186	10.188515	7.337023	10.685403	6.250375	5.606387	1.919631	10.759105	6.830068	4.016511	7.070606
11.42055	7.311796	5.877342	15.825378	3.511372	2.293915	4.611524	6.250375	9.294483	2.587512	7.562562	6.633742	10.40565	6.4138
1.16965	11.751477	5.621632	1.517019	7.583303	6.494064	7.050665	6.250375	9.358127	9.740601	9.838245	5.821917	12.003695	5.799228
10.938215	10.807525	6.730295	0.923152	5.732118	5.595065	3.773995	6.667	1.708579	10.955531	10.693601	9.765591	11.636896	4.072437
6.739845	6.346793	10.876535	10.197942	11.623285	7.727569	4.835248	6.667	9.148796	2.41602	13.993103	2.345126	6.183222	0.899518
3.985023	10.983723	0.283258	9.177392	10.223608	1.547132	10.688006	6.667	9.723311	7.195305	8.079362	2.769939	7.417173	11.259769
1.811811	11.141953	4.399615	11.416243	7.354386	4.089287	11.760712	6.667	3.390594	10.99393	12.602389	5.111996	6.766337	2.493746
7.948085	3.0273	1.234609	8.071824	13.951528	10.2818	5.530563	6.667	11.989436	3.700336	1.978605	9.838912	2.874328	12.905674
7.592517	12.012078	1.152037	1.825074	4.911909	12.47901	10.649433	6.667	9.312709	8.992193	6.006549	6.517014	7.694034	4.188444
1.837435	5.911733	9.093111	3.411041	12.641949	12.049606	6.94717	6.667	14.374634	0.805921	13.587054	1.794687	1.259366	9.619292
9.577781	5.544132	9.537219	8.26327	5.111443	9.055915	6.280214	6.667	11.755074	5.073958	3.747667	5.581762	11.741187	2.063379
1.536091	11.58669	11.697439	9.834597	6.190673	10.334487	8.287476	6.667	5.794811	5.547161	2.577052	7.951744	1.988052	10.006726
8.438844	0.057083	8.459209	10.582844	2.54322	2.658153	10.877656	6.667	11.199417	9.543258	7.9923	2.915527	12.114195	5.951295
11.32407	13.236462	8.018443	7.788462	5.35051	1.12221	6.481037	7.083625	10.681118	4.84036	10.205498	0.397915	8.577664	4.892629
13.669388	0.693604	9.518228	11.647053	9.348024	5.504023	11.017618	7.083625	3.920193	6.878406	1.278024	7.79342	7.63184	4.016554
7.336187	1.474679	9.398255	2.663822	7.952868	10.455296	11.792002	7.083625	9.280409	6.502298	11.473943	8.777267	1.030434	4.778916
4.36481	3.838383	7.631555	7.863779	3.119032	11.303359	9.775255	7.083625	0.503266	10.142896	10.414702	8.971669	5.677041	9.310626
3.880218	11.746455	9.076655	6.116202	0.591817	0.226596	12.062724	7.083625	11.629021	3.141833	8.969477	5.236955	11.892406	8.346017
9.783844	12.628475	0.098623	12.431101	2.776348	4.277855	5.928601	7.083625	11.685253	8.483847	1.663009	11.891055	7.975227	3.293139
2.174815	12.574015	13.569448	11.253914	11.458089	0.109994	11.200925	7.083625	5.923831	7.71577	3.001118	2.369791	2.916272	8.648393
4.303345	0.342632	12.677629	6.907764	7.263982	10.373327	9.988105	7.083625	12.79971	9.782972	4.766843	3.17574	1.589851	8.944475
4.213107	10.347255	0.205642	10.651399	4.264195	9.523286	12.608618	7.083625	4.10939	9.007046	9.252803	1.48081	5.960896	11.291929
8.229288	4.407075	6.048264	8.655562	11.256606	3.289004	4.113972	7.083625	10.511524	10.416029	1.868387	3.499146	10.757932	9.863586
10.050543	5.460484	2.673706	4.308574	12.111153	5.951257	2.252624	7.50025	3.335058	11.634988	11.807582	9.84048	2.676592	10.396708
6.773451	0.093811	0.380763	15.019184	7.265193	15.292879	6.599638	7.50025	4.773587	6.196306	11.94924	7.818643	5.497968	4.839086
8.214063	4.63481	11.534752	2.447398	0.688591	3.947118	7.180699	7.50025	11.596014	9.422874	6.561516	3.514065	11.483125	11.274725
4.857398	4.931841	8.868117	5.611046	6.722667	12.374623	0.379082	7.50025	9.738181	6.272665	9.366731	5.207117	7.897244	10.273038
1.231622	5.705738	1.523766	14.482714	4.335995	1.356008	0.095021	7.50025	11.15671	10.568641	12.895422	4.644955	9.901229	14.601929
9.673503	17.142226	5.770681	2.441028	1.432155	6.189937	3.640136	7.50025	2.923561	3.899701	11.953523	3.488401	11.900546	12.044352
8.825478	11.953222	13.831858	3.137614	2.813744	11.337646	2.063531	7.50025	13.898392	1.009687	9.65935	1.140663	0.913534	11.91503
5.175868	4.20599	7.328358	11.40187	8.40193	5.307239	6.132472	7.50025	10.398276	6.212295	9.875516	6.233069	5.311967	6.5149
12.933492	7.984821	2.346914	13.575425	5.215831	0.830868	3.785157	7.50025	4.526873	4.893005	12.743744	5.493762	13.348954	4.820905
6.976792	3.73932	5.63103	5.940022	10.647277	2.656209	3.742049	7.50025	11.486269	12.076253	8.045443	10.063534	10.282608	1.212943
5.490223	7.817063	5.363613	7.590061	9.043876	6.219073	6.217179	7.916875	9.833699	9.101077	7.258002	5.082776	2.839617	10.226866
9.181965	9.261663	10.640302	1.829799	9.778889	5.163358	3.500265	7.916875	9.191715	10.158155	1.308607	9.908758	1.478217	10.681432
2.644058	7.409394	11.41514	7.567241	11.562018	5.575604	5.729857	7.916875	4.036935	0.310099	8.778068	11.151109	4.724283	11.179318
8.100159	9.985553	3.904132	12.844996	8.513229	1.595842	2.927447	7.916875	9.789864	14.588055	0.789985	10.508233	7.766923	0.768708
6.517957	3.080493	15.988912	1.86826	4.98477	7.580613	13.540011	7.916875	5.259208	3.39732	6.839614	2.731807	8.151454	12.142704
6.734044	1.142419	13.676034	5.549502	12.190651	0.684897	5.090384	7.916875	13.10945	15.237594	3.488794	9.439401	0.577	5.162956
11.138979	3.181237	11.126748	1.572762	9.303205	7.625015	1.974524	7.916875	5.535599	10.051688	9.768745	5.494894	5.716642	9.593087
9.089212	9.063693	8.848023	10.69847	4.654752	7.059244	9.977449	7.916875	8.130885	5.92794	1.565678	6.082616	0.911164	10.073999
0.455889	9.428328	9.426274	7.610618	6.593553	9.174332	8.979491	7.916875	7.010465	3.130317	6.352824	7.888447	6.208074	9.824513
3.159312	10.635857	6.142121	5.528258	5.67038	13.042244	13.858958	7.916875	1.691419	5.673397	2.939048	10.184339	10.221513	3.336279
3.894015	6.576814	10.690751	8.901355	6.096784	6.800083	6.782224	8.3335	10.730126	6.270387	0.845081	9.705349	3.202616	11.170914
11.495018	9.494327	1.519836	12.320062	0.140072	6.829951	12.256737	8.3335	10.212306	6.49196	5.875681	1.820943	1.236544	11.973063
12.071299	5.808336	9.716108	0.863131	13.587318	3.284124	5.245411	8.3335	2.434065	0.261081	13.126372	9.997655	6.124739	9.146861
7.744302	10.280987	3.097736	7.276355	9.211692	9.023378	0.494439	8.3335	1.147621	10.040431	8.008378	5.835998	12.602808	6.902375
0.740024	10.53593	7.569048	3.2008	7.971947	4.813354	9.313742	8.3335	5.260559	5.999397	13.118392	4.73806	12.373255	6.03199
13.571236	13.784153	0.406321	1.7188	9.268643	14.198262	4.292644	8.3335	0.682327	7.953214	7.081333	11.329144	5.810243	1.57018
13.483238	6.634585	7.392621	5.217211	12.135997	9.312592	7.625166	8.3335	2.964915	12.048353	2.753202	4.608828	2.791119	4.698672
1.041983	3.837561	2.37942	10.712066	10.755689	8.598569	8.223086	8.3335	3.846951	13.744437	9.151566	3.027568	1.344559	15.003045
1.755109	10.10876	7.194099	5.253768	9.146064	7.238945	9.56494	8.3335	5.852913	4.895978	11.156397	1.501688	7.75331	10.244529
7.603534	13.964207	4.37139	8.635858	15.333171	1.226271	7.346422	8.3335	2.797392	4.480892	2.659578	1.098801	15.88414	6.264845
15.255406	2.553854	18.036293	0.122298	6.850402	5.640751	9.217952	8.750125	8.613325	7.826769	6.926351	5.058593	4.600062	0.547818
6.269622	3.10138	11.762983	10.519856	12.241196	2.347309	8.075778	8.750125	4.540491	6.064351	3.893013	4.758145	12.114596	5.561156
6.787131	8.896164	1.618035	10.335241	6.42761	7.664463	9.993371	8.750125	4.027945	5.510154	8.197338	5.457574	8.502752	7.832096
2.130285	12.620243	13.349235	1.900691	12.877424	10.493865	5.194416	8.750125	1.163751	6.24692	12.65209	6.263784	3.611613	2.745557
6.872503	2.804319	4.889376	6.24138	12.619144	8.203641	3.583972	8.750125	11.862876	2.731987	6.213245	12.90437	8.751083	3.57198
4.792583	5.807627	8.815199	6.844907	2.236929	9.391042	2.178597	8.750125	0.173533	12.501428	6.677758	7.70331	14.180264	9.946699
8.458428	11.433492	6.344648	9.630047	8.573024	7.18531	6.302495	8.750125	8.821476	3.654403	3.351495	9.667131	2.129875	5.698052
7.359261	2.348879	4.523983	10.13978	10.118024	8.823589	6.387104	8.750125	8.243521	6.193651	9.457494	7.007958	0.54566	10.100972
12.618978	10.638887	0.512738	0.407617	11.378787	1.957042	9.71752	8.750125	1.387759	13.632426	10.081741	3.313436	3.39917	12.203774
11.91063	6.360544	3.292258	10.140124	7.490547	2.733706	12.98392	8.750125	3.641642	6.129361	10.419838	7.71195	7.062352	1.373001
2.095345	3.535855	8.326859	9.839243	9.820313	7.37919	8.594953	9.16675	8.691437	8.399431	5.244077	2.826225	5.877762	10.202558
2.015034	10.193929	10.354235	8.382893	11.84341	2.526679	2.643609	9.16675	9.201472	6.922963	2.471776	12.271517	1.960412	10.045323
0.959516	8.591128	3.455381	6.925952	9.48242	2.740978	9.992481	9.16675	5.659917	7.951096	9.203368	9.421836	10.161903	6.287273
6.574182	4.704651	13.40363	8.697023	14.447662	14.171019	0.084285	9.16675	0.528049	5.396214	8.510214	4.020599	1.80414	8.491582
7.403987	10.059071	5.269004	5.127775	13.024348	0.088832	12.776105	9.16675	4.499426	6.232969	8.255305	11.620039	2.412724	4.063665
10.791545	4.748823	14.413908	8.271326	13.801606	9.448048	7.592477	9.16675	3.620308	2.836326	2.277359	1.365078	0.0797	11.586745
11.176757	0.295615	4.596744	7.453624	6.483681	4.775607	1.1221	9.16675	8.818577	3.90411	9.175916	8.616232	11.922322	12.491966
4.49248	3.388391	2.839094	11.521441	9.412378	2.259363	5.460352	9.16675	6.602616	14.49642	2.499915	0.093998	20.9751	6.791701
3.605811	0.327784	2.470819	9.161434	0.411095	12.207694	13.796989	9.16675	14.418286	8.748401	6.206043	9.121263	8.724142	1.633489
4.255126	4.563605	6.180811	9.894138	11.375294	11.428532	1.101555	9.16675	6.243807	6.619053	2.233694	1.098789	12.396042	13.442803
11.27223	6.4188	8.647821	8.212236	10.416842	0.351399	8.099268	9.583375	1.682375	8.313908	5.672616	8.711023	3.758462	8.859644
10.967423	3.058741	5.069782	9.223499	9.932909	11.111349	10.173115	9.583375	0.019811	2.327201	4.822259	4.975462	10.328217	8.406857
8.824625	8.952145	11.195601	5.321572	8.469398	10.85209	8.196806	9.583375	4.703559	0.821763	3.467694	3.643676	7.133882	8.833814
7.443397	2.963158	6.912773	0.386269	11.87064	6.703768	11.995431	9.583375	3.632484	12.345492	11.458881	9.06376	5.624678	0.015893
2.100788	8.347383	6.510392	9.493074	7.463561	8.137806	8.095576	9.583375	10.940861	3.817204	2.799028	11.974165	1.087851	9.648937
4.475216	6.229113	10.995344	7.943318	5.521481	3.832117	12.889957	9.583375	6.320561	4.87372	9.219883	4.57714	6.34745	7.191324
11.697702	3.1783	9.53595	7.340978	2.711939	6.837004	5.56325	9.583375	11.357712	7.636665	2.871174	10.843732	2.640416	8.201803
1.605129	11.03682	0.24173	9.862037	12.289072	4.274186	9.0323	9.583375	6.399057	5.698636	3.044276	6.430411	11.456259	9.046713
12.176311	8.542485	2.085431	10.456315	3.362662	11.532221	10.459711	9.583375	0.061406	2.653424	3.428065	7.180362	12.493553	5.984679
8.915988	13.867277	3.547162	1.21137	1.874102	7.646802	13.199529	9.583375	5.908927	15.813018	3.475923	4.980625	0.345567	9.630336
11.743329	5.006264	3.662584	3.77278	2.851796	2.330903	3.014123	10.0	13.940054	2.092666	12.974547	12.295594	5.851572	10.463788
9.060464	3.847485	5.4592	10.515333	2.902964	4.161252	12.700422	10.0	7.333715	11.266431	0.00856	5.443371	6.982577	10.318226
8.544394	9.802256	6.61451	4.857112	4.376988	6.297779	6.337077	10.0	9.020201	5.436092	6.968105	9.174886	7.880933	4.689668
2.962981	7.964435	7.484903	5.184438	11.891412	2.32054	6.722154	10.0	4.521273	11.522271	12.081543	10.883146	4.104746	2.356158
9.365974	15.410943	4.28553	0.225107	0.752026	3.377673	6.089848	10.0	5.212227	5.89972	9.822947	14.804241	1.006654	13.747111
2.571258	9.599439	10.12532	6.097123	5.164123	7.848906	2.193079	10.0	8.603086	9.07223	6.929607	9.448693	10.931542	1.415595
7.609788	11.080966	2.539765	9.607854	11.568932	11.172333	4.114343	10.0	6.236997	0.881471	5.215609	5.719539	1.483172	12.769231
4.699229	4.967465	3.128183	0.956981	11.528131	1.125012	5.981133	10.0	10.739972	8.036629	15.493003	16.398208	4.615153	2.330901
2.802921	6.899077	7.092095	4.112185	7.51416	3.923964	12.899057	10.0	1.556832	12.389116	12.048041	3.329294	6.746016	8.687242
2.734734	11.055733	11.547541	7.720509	10.295991	6.332426	10.617439	10.0	0.683993	3.106849	0.351791	12.216427	8.453558	4.883008
