PBL	TIL	MEL_TUMOR
55.272053	43.727947	1.0
67.55101	31.44899	1.0
17.64824	81.35176	1.0
45.850576	50.899424	3.25
62.813692	33.936308	3.25
61.861508	34.888492	3.25
46.158945	48.341055	5.5
40.591254	53.908746	5.5
9.169932	85.330068	5.5
60.765602	31.484398	7.75
51.140906	41.109094	7.75
47.691218	44.558782	7.75
66.654659	23.345341	10.0
45.778779	44.221221	10.0
64.418849	25.581151	10.0
