PBL	TIL	MEL_TUMOR
1.0	38.123651	60.876349
1.0	69.692335	29.307665
1.0	58.312263	40.687737
3.25	83.471998	13.278002
3.25	31.812078	64.937922
3.25	47.617655	49.132345
5.5	80.039573	14.460427
5.5	53.385504	41.114496
5.5	56.373753	38.126247
7.75	0.340336	91.909664
7.75	32.141681	60.108319
7.75	66.385679	25.864321
10.0	26.281233	63.718767
10.0	1.434858	88.565142
10.0	64.61587	25.38413
