PBL	TIL	MEL_TUMOR
48.684926	1.0	50.315074
58.345738	1.0	40.654262
26.759888	1.0	72.240112
77.575932	3.25	19.174068
30.216622	3.25	66.533378
63.595513	3.25	33.154487
41.406642	5.5	53.093358
23.008261	5.5	71.491739
6.796436	5.5	87.703564
76.50847	7.75	15.74153
8.896383	7.75	83.353617
27.681471	7.75	64.568529
42.673249	10.0	47.326751
68.682621	10.0	21.317379
52.15989	10.0	37.84011
