CD4	CD8	nB	NK	Mn	mNeu	m8	DC	Eo	Tr	m4	Mg	Er	mB
0.001	4.460718	2.695469	7.608109	6.497276	6.433026	12.374775	5.636446	9.723228	11.220599	6.950998	5.080978	11.965174	9.352206
0.042625	12.136604	2.358763	0.314606	0.225875	6.548733	4.927149	9.370706	15.464424	14.336608	6.44366	10.347297	12.182863	5.300088
0.08425	11.253436	6.385666	2.53196	12.037629	6.908784	6.814836	11.699131	11.910488	4.89633	5.19605	6.091791	11.660574	2.529074
0.125875	1.093565	18.593831	4.934127	2.604849	7.364836	12.896859	5.322244	11.909621	3.537525	18.136287	0.885085	2.479504	10.115792
0.1675	0.451289	2.313798	12.793132	3.754296	2.672587	6.860863	10.383053	5.27013	10.098725	16.590729	13.197712	9.052887	6.3933
0.209125	2.557985	12.322182	4.365991	4.735724	5.502241	2.194526	12.442391	3.278597	1.138117	13.897061	12.079519	12.041775	13.234766
0.25075	9.935865	11.394097	4.343991	11.537731	2.17086	0.781184	6.054764	6.725447	10.356916	12.176299	10.925236	12.122904	1.223954
0.292375	11.041024	4.031096	6.473433	1.998534	2.713616	13.984923	3.987246	4.400093	1.482131	12.574162	8.205652	16.744526	12.071189
0.334	1.818989	11.529513	7.917685	10.372447	11.571125	4.310985	0.941299	14.255635	2.180417	12.185318	11.662399	1.731175	9.189014
0.375625	8.265253	3.52192	10.016181	5.906265	6.547089	1.186009	2.404293	19.221466	14.217646	1.922185	6.374165	1.388953	18.65295
0.41725	6.512226	8.896586	6.61672	11.400093	6.599605	10.901794	11.601223	9.559948	6.394336	5.841686	7.509214	0.818053	6.931265
0.458875	2.882912	7.254994	8.167444	7.802762	11.611559	12.260949	7.786601	9.648661	5.120717	6.714751	12.43426	6.19514	1.660376
0.5005	1.573588	3.135314	19.269122	14.821434	14.452229	7.678346	1.786205	8.04296	9.844909	1.988945	5.156439	10.922001	0.828007
0.542125	6.006565	0.891661	6.068767	7.861799	5.142489	0.831266	2.207305	16.586418	8.132067	11.372074	12.725939	14.24188	7.389644
0.58375	10.953815	9.364071	10.638269	4.144883	1.662647	10.579102	9.52612	6.422405	13.658127	12.571212	6.483945	0.473508	2.938148
0.625375	1.97081	8.638676	10.54236	4.702797	7.502444	10.220213	13.727078	8.788204	9.66146	7.69099	2.952492	4.745747	8.231354
0.667	7.61961	13.663309	6.966984	2.970852	8.300435	11.293321	5.2413	5.613516	10.56528	9.998764	3.620648	9.912103	3.566878
0.708625	1.304422	17.836231	1.255507	21.512136	6.325101	5.278399	11.882016	13.72896	10.492076	0.84266	0.437569	1.450567	6.945731
0.75025	5.782414	9.979072	6.113205	3.134221	4.29712	7.928482	12.995451	4.332511	10.310282	11.784089	12.313827	0.430165	9.84891
0.791875	13.169102	2.809578	3.056342	5.516115	6.148293	3.18479	8.571507	8.4621	7.928718	15.11386	13.320007	2.859618	9.068095
0.8335	3.370645	7.403739	9.501964	14.960026	11.154265	1.061206	12.284286	15.001526	5.143943	6.238471	3.938552	6.588873	2.519005
0.875125	2.992925	6.326343	0.743166	5.046606	3.263864	11.586193	7.156973	13.3832	10.01877	4.116148	7.921842	12.835184	13.733659
0.91675	4.483142	0.394556	11.912445	2.116513	13.342144	4.192877	14.135885	7.801878	11.42989	0.444835	10.410147	16.040191	2.378746
0.958375	13.622275	9.448964	8.415291	1.439051	3.511318	12.032724	1.266845	13.706448	12.243124	5.059801	8.142127	3.081894	7.071764
1.0	0.978622	4.813523	12.603593	4.999343	12.936643	3.528162	9.653836	3.671807	13.279359	5.980341	12.924822	12.918658	0.711291
2.346262	0.001	4.868552	9.493277	5.605787	6.162386	6.433201	4.6278	10.565692	11.91614	13.259349	9.433033	9.730739	5.556783
13.74289	0.042625	2.581612	12.235876	12.260311	11.403502	3.09929	0.08648	1.617326	4.939444	3.508097	12.567363	10.415238	11.499947
6.817005	0.08425	8.265075	4.575451	14.233169	12.790084	4.149221	10.149859	10.150723	0.329226	15.570363	7.27602	1.948914	3.660641
2.968502	0.125875	11.949503	6.941474	4.038429	0.95862	17.175494	2.813834	1.691985	14.118753	8.15757	10.71685	11.189209	7.153902
3.369459	0.1675	4.408066	9.536179	10.500994	9.113808	2.113902	4.589471	13.265303	8.652535	9.357873	10.341893	12.292785	2.29023
13.245438	0.209125	8.031299	11.011037	9.225061	11.056964	7.380479	8.239746	5.900478	5.167709	3.489734	3.751491	13.065679	0.225759
8.39038	0.25075	4.35712	5.179789	5.716463	14.251957	3.44569	11.824591	14.848129	4.97421	11.409761	10.319446	3.795438	1.236276
7.342997	0.292375	4.053513	9.296254	10.793237	9.748365	7.768731	8.032961	11.434085	9.953364	9.448734	5.332312	0.47695	6.02612
3.604082	0.334	7.490061	12.322253	2.76117	3.193	8.155444	12.585358	1.508641	8.111316	6.967397	10.923013	8.581031	13.463233
11.759496	0.375625	11.028112	7.879044	2.614069	0.732748	5.538498	10.624612	10.243367	11.029429	5.221767	2.369682	10.896885	9.686666
6.285079	0.41725	11.458703	0.68573	6.216851	8.162092	3.846826	11.047063	11.871931	1.532552	11.328853	10.358997	9.287986	7.500088
8.663478	0.458875	4.243574	5.403658	11.543461	3.46645	12.639454	12.894792	6.110249	4.65797	2.817489	10.91198	8.261782	7.926788
1.391063	0.5005	7.459815	6.625667	13.145512	14.087178	3.756798	11.44296	8.821492	6.882855	1.070618	8.289967	5.746623	10.77895
8.617922	0.542125	17.999587	8.452776	1.084853	6.69596	7.218054	9.24367	2.443379	16.532633	11.342362	3.488007	0.20671	6.131963
13.176222	0.58375	3.78872	0.70086	3.104674	7.340186	7.014643	8.136248	6.976358	1.066821	12.101616	13.861582	11.300313	10.848008
13.082684	0.625375	2.726865	5.845809	12.566163	13.353047	8.436088	12.394142	8.56374	5.777963	5.57464	1.096622	2.030046	7.926817
14.414426	0.667	2.986601	5.522251	15.682211	5.995678	0.790097	15.779844	8.346023	16.271169	7.746868	0.972879	3.413648	1.411306
15.218471	0.708625	11.890362	6.824783	2.709548	11.99102	12.349403	2.079271	11.786748	2.824448	11.422538	5.108402	0.544104	4.542276
13.229122	0.75025	2.777561	15.792081	13.557479	8.255225	3.400448	7.998545	4.842881	5.757446	0.075942	8.093171	14.389567	1.080281
1.536283	0.791875	11.189835	12.681147	8.035826	7.579857	9.457426	5.864774	2.613468	10.649829	8.91218	9.093135	1.469377	10.124988
9.703056	0.8335	6.140279	9.413073	6.365712	7.968185	6.110777	9.923816	0.905267	8.96842	8.005951	7.375527	9.627656	8.658782
3.188119	0.875125	9.435284	8.252708	6.111795	0.331905	13.957154	18.361859	2.379583	14.168525	1.687945	10.686249	10.54979	0.01396
11.570693	0.91675	1.979605	8.624692	6.219977	11.921928	0.582075	1.427006	12.105785	12.076064	12.136674	6.111954	1.931525	12.395272
11.354647	0.958375	11.529508	10.982931	1.518822	3.536835	15.318081	7.466854	15.230003	3.699504	5.180519	10.869795	1.69141	0.662716
13.774509	1.0	9.275431	6.773305	5.374217	0.468232	10.406289	0.835344	6.36072	10.522253	10.425183	8.247867	10.436655	6.099995
8.525135	6.125054	0.001	4.802405	7.724356	6.168088	5.162007	7.774397	12.291188	4.373809	8.782704	12.833144	4.598117	10.838597
1.824104	12.476477	0.042625	8.255375	7.833203	9.843387	3.263706	10.448607	2.845231	9.780818	6.032251	6.980501	10.085564	10.28815
5.873471	0.245513	0.08425	6.355727	3.224307	8.792942	5.406728	3.773108	8.976301	1.830282	12.184348	18.486639	11.366032	13.400352
4.491906	12.547441	0.125875	0.656282	11.652958	1.270551	3.816632	13.657205	9.894809	10.15173	7.471574	7.595493	6.155588	10.511957
4.138275	3.199156	0.1675	13.445133	8.798546	8.054453	13.014908	9.010535	19.317142	2.40122	4.625797	1.334001	10.954383	1.538952
13.586704	3.45512	0.209125	14.978067	15.517659	2.651795	4.635588	14.61348	6.269625	3.973274	0.372056	12.720531	0.829184	6.18779
0.470046	16.347094	0.25075	1.472433	11.407174	8.713838	13.571315	7.001218	3.101079	9.916516	4.567414	16.736772	2.208076	4.236275
13.194168	3.932179	0.292375	12.3931	8.391278	0.656646	5.498269	11.185626	6.074287	7.02168	1.363258	12.043462	12.328886	5.624786
4.595973	7.141412	0.334	10.938644	3.380625	5.688483	11.447532	3.35975	7.961161	9.175848	11.641836	3.163191	11.269396	9.902148
8.030748	13.312629	0.375625	5.126408	4.804968	4.932798	9.444251	5.830745	7.296366	10.293306	3.861814	12.91918	11.149903	2.621261
10.280011	12.015056	0.41725	5.793723	0.989388	5.28566	13.983075	13.209828	8.900953	9.060643	6.425581	1.385732	11.093044	1.160055
7.391997	4.505653	0.458875	11.868116	11.082711	7.81079	4.931126	0.225836	2.613891	4.306261	14.529678	11.471283	13.943013	4.86077
2.760386	10.391111	0.5005	14.917954	9.421527	2.548562	1.881128	15.556449	16.607402	3.693959	3.771354	11.429677	0.025352	6.49464
12.563003	16.404356	0.542125	11.49383	2.825467	7.631414	16.381754	11.811667	6.950862	3.370505	3.733971	2.237905	2.402355	1.650786
11.70486	6.396956	0.58375	12.004322	7.266372	10.247407	0.550378	10.635338	0.712063	8.820178	6.982827	12.160154	4.620258	7.315138
4.394861	10.922366	0.625375	8.359575	3.821438	0.161313	7.780819	13.939294	11.016878	3.713846	10.15931	12.978966	4.219662	7.906295
4.204684	5.091264	0.667	2.081599	11.026421	16.033541	16.072341	1.121393	7.124567	0.356249	13.882011	4.713321	3.667918	13.95769
14.685231	2.757954	0.708625	0.129662	7.738121	11.36011	10.529744	11.650208	11.666191	1.703181	2.944259	13.690577	6.411735	4.024403
10.857728	4.849582	0.75025	7.947229	13.281394	3.681977	12.893125	3.256289	6.005585	8.70787	6.813726	8.226324	10.935488	1.793432
5.214205	6.018252	0.791875	13.992637	6.609968	3.622765	12.276841	9.312508	5.736306	8.854918	10.036015	4.696122	0.528389	12.309199
3.196907	9.41725	0.8335	4.362217	4.036142	14.67931	14.110223	1.18742	5.413051	7.830959	2.911775	9.231726	13.515774	9.273745
13.965907	3.458633	0.875125	8.01643	2.877526	11.851734	5.084269	6.142577	7.401328	14.805333	13.332338	3.090391	1.16822	7.930188
16.735709	16.732863	0.91675	7.932996	5.209507	13.72199	2.746596	6.272856	18.145548	7.856287	2.244753	0.111946	0.915372	0.456828
10.891154	8.467004	0.958375	2.680779	4.212563	11.872536	11.976591	12.39223	5.124386	5.741865	8.483702	8.325832	4.165536	4.707446
0.062059	0.8081	1.0	4.767032	3.058745	12.289183	12.387151	21.72702	9.53667	0.028672	4.042218	20.957859	9.007155	0.328134
6.291546	6.635959	7.096203	0.001	15.49246	16.478685	10.533582	3.541037	7.369057	11.586027	0.801567	10.375075	3.262256	0.535546
0.489397	11.200656	17.480282	0.042625	2.275741	13.931515	16.982254	0.049919	2.209464	1.963478	12.924417	5.624303	12.435503	2.390446
7.335891	12.575232	8.411589	0.08425	8.827555	7.592663	10.270592	5.714534	6.379483	6.176109	12.514804	9.217495	2.940221	1.959583
6.380829	15.95652	3.390636	0.125875	3.563423	16.348766	13.867532	0.977802	13.811976	8.045391	4.057488	2.265662	9.28639	1.921709
1.216946	11.797744	16.659922	0.1675	13.299567	2.509438	1.743071	1.20958	16.644122	17.344254	8.595286	2.263649	6.32952	0.219402
13.06825	5.061647	3.76344	0.209125	15.28977	6.204018	3.489245	9.994395	0.9703	0.722559	13.25303	8.786317	8.801758	10.386145
12.275832	11.345399	8.61776	0.25075	2.64313	0.336281	11.297289	5.425841	8.980598	0.9569	12.763178	9.112332	4.390597	11.604115
6.215947	5.557173	12.928622	0.292375	11.088894	8.189229	6.492994	8.174595	9.27494	0.82007	11.489413	5.519646	5.170138	8.785964
6.009599	7.778513	10.601279	0.334	8.121166	6.093985	9.900441	8.867476	4.064203	5.39428	3.011368	10.575435	7.868302	11.379952
8.380417	3.599116	8.382875	0.375625	2.684791	8.490152	5.052589	10.659656	9.733033	6.927966	2.885609	9.34352	11.337927	12.146724
1.941027	10.495361	0.167469	0.41725	12.058766	12.565584	10.453105	6.593926	1.593257	7.191254	10.339964	4.823572	7.842698	13.516766
5.079775	9.12057	4.254434	0.458875	2.932176	8.056258	9.268232	11.375948	9.290487	8.402825	9.075737	10.890617	10.603794	1.190271
12.78081	6.745077	15.984906	0.5005	10.547529	5.687714	1.741039	8.530345	11.469998	0.192251	12.782797	2.078773	2.377181	8.581079
1.080307	4.240465	13.337305	0.542125	1.353063	11.626251	12.852922	6.815019	5.145673	11.413996	1.30893	3.143871	11.378941	15.761134
8.978996	9.165554	8.680253	0.58375	10.927366	14.834231	7.051989	3.003804	2.718504	10.222166	9.809873	0.173894	8.12694	5.722679
1.249761	5.021398	2.914168	0.625375	0.256311	23.951658	8.05433	10.927475	8.953865	6.205886	0.312781	9.360135	21.610325	0.556531
7.423758	6.609796	12.026165	0.667	4.054532	11.682867	11.884985	11.564695	0.366146	10.226869	1.873237	3.085841	4.902955	13.631154
12.119399	13.630142	14.026059	0.708625	5.309169	7.465221	5.276964	4.504777	10.811272	13.656392	0.100309	7.010622	4.059567	1.321483
8.375285	5.701752	10.767183	0.75025	12.118456	11.340278	1.888722	12.547878	9.154678	12.030136	1.561306	11.823797	0.300375	1.639903
6.680666	8.535365	5.383633	0.791875	10.865476	9.189555	2.642104	9.47922	12.31452	8.133818	4.74002	12.011389	8.282183	0.950177
10.714701	11.083458	0.344943	0.8335	14.31476	4.647734	13.071724	5.467015	7.622485	2.784507	15.43033	6.884074	2.25853	4.54224
3.772711	11.350635	4.909917	0.875125	11.454072	3.621175	3.816649	1.851972	11.795949	15.147653	10.878399	5.080069	8.03653	7.409144
9.399553	8.428227	11.144867	0.91675	5.843665	9.087622	8.593333	4.954628	3.495021	3.973471	5.588966	11.466214	5.384223	11.723458
6.44308	9.976483	9.035116	0.958375	4.3843	11.202159	8.374044	1.853845	12.449987	6.819955	9.718718	0.140136	11.181607	7.462195
13.277637	15.420178	10.275268	1.0	3.072549	10.859764	6.95755	1.400372	0.589342	2.177464	11.443387	12.721674	7.185305	3.619511
16.697269	7.641139	3.161351	8.862924	0.001	8.150046	14.472136	7.463129	2.810233	14.760878	4.719318	1.129628	7.698844	2.432105
9.254291	1.507453	11.050227	6.440574	0.042625	5.617597	10.795418	4.100243	12.453983	1.539729	8.46701	12.412935	6.764518	9.553395
3.077376	12.492006	8.482324	5.453567	0.08425	11.966154	9.252554	6.697516	11.927826	0.454126	2.83602	9.69595	5.203962	12.376369
2.273741	9.453806	2.420106	15.4889	0.125875	8.01889	12.599362	9.760063	9.588212	8.782226	2.01337	1.28705	4.783301	13.405097
15.239762	2.628228	7.141325	10.173587	0.1675	3.94657	2.154909	9.927166	16.261657	3.654455	1.596529	1.601783	17.636569	7.869958
11.348892	1.416667	1.227503	0.654857	0.209125	3.506004	14.722424	9.62105	14.718001	9.938883	16.569627	3.148796	2.594467	10.323704
16.586753	1.391255	5.799833	2.626927	0.25075	14.224505	13.392496	10.778539	1.146383	13.050471	0.597768	9.693507	9.042274	1.418538
7.190504	12.971817	0.623901	12.902207	0.292375	4.359307	0.796262	13.259029	9.677421	14.619303	1.63459	0.065255	7.559889	14.048141
1.065969	2.284035	10.129491	8.608927	0.334	2.056059	0.677839	2.319634	7.724316	16.874568	3.022001	17.042224	12.726707	15.13423
5.842319	10.634614	15.04049	2.568239	0.375625	12.630366	4.514948	3.775442	4.60771	15.571536	0.853498	6.729785	9.540843	7.314587
1.871305	10.54013	7.573318	11.146613	0.41725	5.320123	12.065927	11.655303	9.968809	9.702443	9.824909	6.0568	0.361897	3.495175
3.680304	4.02057	14.190277	6.014628	0.458875	4.535121	13.406593	1.427821	9.510543	13.121689	4.449441	4.893942	13.593025	6.697171
0.378196	9.020275	3.779726	10.297443	0.5005	6.582229	10.538877	3.733644	6.115804	11.965461	10.060018	8.628298	9.251816	9.147712
5.508106	7.036833	9.492213	3.710423	0.542125	11.897765	12.370763	7.77787	8.65086	2.435621	12.446407	11.741866	5.055748	1.333401
12.740878	6.913012	8.266563	9.077931	0.58375	13.405713	4.81757	11.082649	2.17261	5.713927	11.68156	7.572459	4.247195	1.724182
2.970185	5.986687	5.026091	2.751765	0.625375	13.195644	1.682808	12.057266	7.355118	6.764667	15.409723	9.530639	5.247768	11.396263
3.875399	9.417869	10.870425	3.239615	0.667	6.034781	8.764476	2.467098	4.479102	7.188149	9.240139	8.838769	11.715551	13.201627
10.663576	14.283818	2.415178	13.132206	0.708625	4.077075	5.887664	3.724626	11.644697	12.268079	4.189054	13.605403	1.650095	1.749902
10.852242	2.254116	8.079188	6.031563	0.75025	13.040705	2.773697	10.480002	11.555355	1.428228	10.45519	9.060271	5.401125	7.838066
6.253457	0.641866	14.145537	10.858628	0.791875	4.411444	13.055494	12.833315	2.345045	2.109207	9.403403	6.418945	9.36832	7.363465
9.981044	3.429984	2.35819	3.396687	0.8335	4.213555	3.837954	10.116726	11.34459	7.208593	6.938626	10.959256	11.84623	13.535064
1.568352	13.839877	0.604925	1.85082	0.875125	12.849801	5.929713	0.003027	1.776054	13.84268	13.412286	13.95389	0.673643	18.819807
0.17125	11.766558	1.472265	19.156853	0.91675	0.321935	17.052775	11.623038	1.2604	3.333697	1.336636	7.337001	6.34759	17.90325
7.736639	3.290692	8.789466	1.034733	0.958375	12.206214	5.508873	6.097346	2.262658	10.546875	7.27532	12.686646	14.380708	7.225456
9.29261	9.659316	15.476898	2.456524	1.0	11.004487	3.885151	13.263114	1.887075	2.396215	8.227618	7.373564	1.693045	12.384384
1.206051	3.086753	3.965836	13.362753	10.845149	0.001	6.093922	8.004315	12.909933	8.193275	3.792619	6.918014	10.200174	11.420208
6.169057	13.632882	7.252891	14.980538	9.624806	0.042625	13.642737	8.927109	1.842641	3.452231	2.234836	3.110674	4.844165	10.242809
5.386455	11.069825	5.825534	10.79636	2.410883	0.08425	14.329745	6.577691	13.72203	9.56774	1.368536	0.899252	3.028856	14.932843
3.261331	4.720636	13.61803	10.299259	2.908205	0.125875	5.39359	12.514515	7.059107	3.275873	17.729453	4.418925	3.326374	11.348826
8.622896	14.226546	16.225881	9.575792	2.165596	0.1675	13.926468	0.018355	0.59297	4.847857	0.874077	14.452518	13.466427	0.837117
2.189187	9.177354	8.491668	3.407373	8.391121	0.209125	7.469394	7.873135	7.186304	14.068375	13.656989	9.203856	3.650351	5.025768
14.174352	2.310586	10.49384	15.063703	7.255951	0.25075	13.479019	1.522056	3.521854	13.370871	4.22385	8.999324	4.983627	0.350217
0.854709	12.407117	14.075277	3.8173	3.904721	0.292375	14.089299	12.217871	14.346945	7.207797	1.486944	4.658404	5.496636	5.144604
1.348628	2.081862	12.434107	12.15018	6.295235	0.334	14.195566	11.169069	0.61455	2.628474	2.057298	13.103084	9.247796	12.34015
4.342405	2.913463	7.724175	2.229246	2.692199	0.375625	7.966517	8.400042	13.887317	14.836658	15.426517	4.872672	2.613111	11.720053
6.556505	8.150506	3.445677	5.153641	11.104526	0.41725	8.630194	4.979975	11.67224	6.741745	12.243623	12.377768	5.702434	2.823917
13.118941	8.122144	6.360857	12.7942	13.888104	0.458875	7.415919	4.135989	1.972887	8.136331	0.682271	11.323186	7.032995	4.557303
7.572353	3.949523	8.558231	9.189503	9.016532	0.5005	9.911075	3.872373	5.14562	9.124566	3.541354	12.521168	8.220664	8.876538
3.796171	9.111871	10.56076	15.640644	1.369378	0.542125	9.117016	9.049239	3.297377	2.066736	1.353849	5.437711	13.849067	14.808056
13.265009	10.430733	3.451191	6.329523	14.032086	0.58375	0.795776	15.239045	8.791238	13.408594	0.9158	4.371001	6.842621	1.543635
13.597851	8.804889	12.773827	7.163516	10.066138	0.625375	2.869739	3.708975	12.640001	0.321839	1.81	12.362178	12.670133	0.58554
11.950735	1.782323	4.689578	13.249958	0.791235	0.667	9.84488	13.458461	3.268469	10.36669	5.045842	12.517661	10.564444	1.802724
9.196819	9.776148	10.319386	3.9878	10.65232	0.708625	5.527202	12.6261	10.669494	9.265351	5.069759	10.803569	0.392084	1.005344
6.208693	8.472147	3.073452	13.676028	8.399916	0.75025	8.155251	7.972402	7.421155	6.389791	10.952066	0.646545	6.174346	11.707958
1.210291	2.214125	9.811315	13.829916	6.224653	0.791875	11.449197	0.222538	8.458933	12.567747	14.263832	1.429972	12.533536	4.992071
7.979737	12.553522	9.79421	6.079066	0.167594	0.8335	2.853584	7.502415	3.729725	11.303586	8.304236	3.969848	11.661049	13.267929
13.048842	10.100445	10.322207	11.373655	5.532013	0.875125	3.276272	0.706897	2.036073	10.533092	3.895421	4.092409	11.743639	12.463911
0.320057	12.947499	3.658229	5.18085	11.407613	0.91675	9.349274	5.288377	10.138269	4.205387	11.003893	5.714921	13.022757	6.846124
8.553802	10.91018	4.236849	5.268001	1.655004	0.958375	4.550864	7.623194	12.600909	8.024358	7.619948	12.70159	8.710249	6.586678
12.327259	6.382562	3.383425	10.826549	11.710771	1.0	8.59193	6.126311	13.248481	11.413471	0.726985	7.561482	0.597847	6.102928
10.232963	14.160562	4.500999	12.508102	2.234396	5.795197	0.001	4.402138	0.961804	5.184549	9.034885	9.947978	7.416722	13.618704
10.77869	5.78823	1.502476	2.615025	8.598826	9.536649	0.042625	4.664434	6.528167	13.037031	12.446502	11.152191	3.888418	9.420733
15.698441	14.093734	1.772566	20.262567	8.328912	5.082004	0.08425	4.151579	2.700425	11.872632	2.115046	7.262789	4.19284	2.382216
7.466881	7.077066	1.697004	10.512028	0.637731	6.155743	0.125875	7.693635	15.389355	13.593091	12.999477	9.27782	1.733048	5.641247
6.576579	4.972393	8.499633	10.512001	6.890356	6.760046	0.1675	2.524422	10.129308	10.394064	8.824448	10.608692	3.697939	9.442618
5.71644	11.958964	14.771227	4.251505	7.651408	4.793046	0.209125	7.623957	1.967186	15.322332	4.927678	5.064079	10.185241	5.557812
1.259013	10.36282	5.177826	10.16683	9.202469	3.859841	0.25075	8.079013	12.083295	5.625305	4.898719	10.79887	10.763686	7.471563
2.08524	3.590231	14.635573	12.526869	2.397472	7.365944	0.292375	5.313092	2.200483	12.788777	12.228685	1.41748	17.593884	5.563894
11.263665	5.467943	8.551692	9.480329	5.123703	10.52428	0.334	3.830536	2.244321	11.144752	2.690692	12.66802	12.927724	3.748342
5.687373	9.365285	11.331738	11.812979	4.031903	10.055754	0.375625	6.244743	2.120642	2.891486	11.688554	9.990226	9.318311	5.085382
0.678321	9.500614	4.232562	12.347803	8.419668	6.573669	0.41725	2.437163	10.055698	7.910044	13.976098	7.277618	1.812962	14.360529
13.082378	2.688471	9.224907	6.769781	11.876378	10.159115	0.458875	7.686669	5.749001	10.944318	1.058301	5.576856	8.452304	6.272646
3.066501	6.726205	12.716546	0.049236	7.918407	15.001621	0.5005	9.079184	4.903233	3.32942	9.5423	13.472911	5.066033	8.627902
1.828198	2.641713	15.222678	9.421263	11.83575	8.82632	0.542125	0.37874	0.888507	6.704616	13.47657	11.343527	7.673395	9.216597
2.400373	6.833107	5.968347	12.648844	1.556457	11.700043	0.58375	11.196889	10.097403	6.426729	4.277817	10.117432	11.31809	4.874719
10.764839	8.707351	12.858404	9.964721	5.67395	7.534709	0.625375	3.145572	4.983437	4.844394	8.019723	7.942507	4.817923	10.117096
2.751645	12.590979	11.634795	12.318195	4.572995	9.62451	0.667	3.124835	10.584874	5.14357	3.145766	4.460834	8.535433	10.844569
0.011915	9.224188	2.288025	5.480597	5.416955	12.73178	0.708625	3.833318	8.606351	11.417567	10.990866	5.919717	10.635126	12.734971
2.808876	6.927979	9.986395	2.342425	8.407881	7.787461	0.75025	14.512505	13.770816	8.193608	11.198666	0.12671	9.448108	3.738318
7.554959	12.705689	7.3278	9.85005	13.301196	0.253004	0.791875	6.986533	2.583018	11.499038	8.503396	4.455404	12.720958	1.467083
6.878987	5.111362	3.871514	2.110582	5.96661	2.283385	0.8335	13.548606	11.870692	11.998843	15.207458	0.734807	3.589676	15.99398
5.566373	9.318342	1.321541	0.59822	10.39215	15.793519	0.875125	17.773288	6.605144	0.765449	15.421016	12.252097	0.176964	3.140773
8.676388	0.892194	0.615289	5.678086	14.731633	5.762282	0.91675	5.229612	13.076243	4.881009	8.760419	5.894006	14.78085	10.105238
1.182462	14.8816	0.2518	3.645003	3.38055	1.353729	0.958375	12.698666	14.55035	10.07024	11.106314	7.29608	15.401839	3.222993
14.074453	6.885154	10.806633	9.592851	10.872435	7.414737	1.0	8.835503	2.430275	0.348785	9.279928	11.776139	2.54423	4.138877
14.848614	10.080967	0.885094	3.695647	6.25627	5.120809	2.295651	0.001	6.092707	9.132403	17.641284	18.937527	4.225408	0.78662
5.779912	11.09928	2.475657	3.632442	5.902226	10.313554	6.717487	0.042625	12.372195	11.182686	9.094807	1.783714	11.963274	7.640139
9.308144	11.755124	12.465289	1.971891	4.702103	12.716986	2.73574	0.08425	0.116789	8.561097	6.236204	10.718373	10.199099	8.42891
2.420325	8.624404	5.732886	10.084022	4.261453	7.903782	13.095231	0.125875	10.379588	5.910104	14.901715	5.33	5.755073	5.475542
0.218052	4.041982	1.962975	12.207461	1.518781	2.958338	10.061674	0.1675	10.35018	17.520314	12.83468	8.593788	10.977618	6.586657
11.236035	7.489418	2.232111	10.005315	11.312075	1.790881	8.000977	0.209125	11.491163	11.713053	1.770567	8.70585	1.998753	12.04468
8.529309	0.610112	3.304432	6.93939	2.244754	8.257747	1.895936	0.25075	7.343527	11.823013	10.767367	12.32954	12.654856	13.049266
10.229674	8.919898	10.772611	10.480569	7.405292	3.224588	2.176731	0.292375	10.032007	1.340059	8.986841	9.823355	5.372121	10.943879
8.502217	11.818579	5.834415	12.246793	7.781013	7.754117	9.637688	0.334	13.725786	4.967761	5.318087	3.357647	6.401878	2.320019
17.005299	11.731462	15.538861	8.154808	3.687676	15.863488	2.228301	0.375625	5.158823	1.07871	8.65505	0.064806	6.20993	4.247161
6.434713	11.052056	8.880681	2.968968	4.09201	0.51117	15.504821	0.41725	3.228777	14.517645	13.297711	0.56011	8.914173	9.619913
6.370678	10.258479	6.963191	1.221161	4.601265	14.014715	6.681287	0.458875	13.804384	5.89296	7.084294	8.244622	7.595655	6.808433
5.4457	11.677083	11.846419	4.719907	3.932147	8.056167	4.426399	0.5005	3.669764	6.40219	9.698038	10.808538	6.179046	12.638102
10.672842	3.65479	3.510655	13.53097	1.726449	12.584253	8.745035	0.542125	7.633102	1.064242	6.924446	6.09817	13.529056	9.783864
9.430927	8.385453	8.176307	3.971308	8.118206	11.031072	3.284838	0.58375	9.772212	8.940148	1.690989	6.622737	9.655774	10.336279
8.329449	9.014181	3.899348	7.357442	8.75391	2.663717	7.583444	0.625375	2.745334	13.058546	13.013127	5.59289	5.790389	11.572848
9.46082	1.666531	15.538767	13.779392	9.483156	1.554906	0.754891	0.667	9.448133	10.199809	8.041127	2.52842	6.747884	10.129163
9.263727	7.4279	1.210273	0.921585	10.231931	7.244402	7.014467	0.708625	1.430387	17.373762	0.862106	15.763496	0.225351	20.321986
9.103093	9.32272	4.182435	8.886322	12.468496	10.440194	2.155946	0.75025	11.910823	2.161363	9.366942	0.434923	11.054605	7.761886
6.641515	5.997052	11.473877	7.3711	12.150581	3.956019	11.845357	0.791875	6.868631	2.47199	5.437188	7.665482	13.639647	3.689687
13.60947	9.592385	4.660001	7.741114	11.141887	8.186343	11.623649	0.8335	2.430644	3.19261	12.04551	6.757921	7.931102	0.253864
2.153752	4.978359	5.929906	7.676692	6.116862	9.897567	9.934208	0.875125	0.62383	12.054917	8.739857	11.201164	13.177689	6.640073
4.703157	7.982874	1.859874	5.146815	6.972288	3.868048	8.595939	0.91675	11.161671	9.648349	10.947206	6.454381	9.267852	12.474794
10.346228	1.678582	5.595987	10.119404	9.030434	13.381888	5.488668	0.958375	4.879092	10.597685	7.237414	6.781783	0.45844	13.44602
8.069312	7.356058	11.576817	4.348159	10.468275	6.180583	11.362914	1.0	8.385204	11.04392	7.87527	9.842611	0.220888	2.269989
4.609789	7.56873	7.593139	12.204658	10.806179	0.920315	11.692971	2.255698	0.001	12.935003	2.455707	5.575074	12.282784	9.098953
14.555024	4.241842	10.988384	6.842513	14.120566	1.256533	10.109145	0.247519	0.042625	10.111396	5.677581	8.427899	11.718386	1.660587
2.059576	2.578298	2.935282	4.989749	15.190704	1.625714	11.530302	12.139737	0.08425	13.616927	7.374073	9.869353	13.907372	2.098664
12.623306	2.628109	5.656202	6.40072	5.33004	14.5963	6.051771	10.144528	0.125875	4.27254	10.254773	13.962694	5.442459	2.510685
4.90324	4.036588	10.86079	9.114001	13.632422	4.522986	3.465547	1.23246	0.1675	14.802254	10.106696	2.839888	9.180153	11.135475
13.095504	3.003351	8.611609	13.405332	9.059434	7.821948	0.667077	12.810979	0.209125	5.878537	10.970091	7.999853	1.767656	4.699503
6.079576	1.347472	9.127746	12.56458	4.486076	4.047675	2.879997	12.038554	0.25075	7.275263	3.608332	11.869884	11.245985	13.178111
5.929971	4.773833	5.141737	4.778609	5.711198	3.90445	7.138281	4.470555	0.292375	4.641416	13.142571	14.516096	13.102158	12.456751
7.680998	12.783513	4.27617	20.728443	2.766177	0.311527	16.007571	19.642262	0.334	0.589444	3.433105	6.07249	2.902924	2.471377
7.884968	13.373658	12.237582	9.698053	4.113239	4.963599	1.327772	11.573423	0.375625	13.013357	6.572763	2.969032	2.603772	9.293157
14.868398	1.437666	1.909153	0.763612	14.124822	3.858888	10.641845	4.151846	0.41725	13.424469	15.358862	0.094124	7.608218	11.340846
10.634697	10.269117	1.191419	14.220724	6.180126	2.556795	6.48878	4.330369	0.458875	15.199802	0.160083	10.704333	8.869613	8.735268
1.213913	15.352828	3.583565	12.255076	13.679946	10.981291	0.289566	6.289532	0.5005	8.921816	1.312442	5.921995	14.306504	5.391027
4.373876	3.093158	14.352433	11.812778	12.31314	2.788466	1.985466	3.980324	0.542125	8.962181	7.58496	12.972031	7.611793	7.62727
3.7069	10.135767	15.002671	14.439858	5.707607	9.588373	2.381144	13.627694	0.58375	3.441281	6.322016	5.896674	4.461204	4.70506
6.086024	7.076404	0.906304	7.835147	6.353779	4.100047	8.398627	12.630347	0.625375	5.034782	9.774388	12.791128	11.127867	7.259781
8.920167	12.20916	5.705989	7.691319	8.241794	9.144013	4.85949	11.007509	0.667	1.429815	13.046213	6.670574	4.626723	5.780236
10.61969	7.414408	4.51646	8.200315	4.904676	2.005439	10.3635	3.333559	0.708625	14.604671	2.888012	10.083113	16.851411	3.506121
8.816481	7.315952	4.536724	0.238794	5.538184	6.454157	15.940197	6.732946	0.75025	10.598457	6.496913	13.471855	11.586633	1.522458
4.780728	11.336531	8.51886	11.825528	10.822463	9.427173	4.323863	6.915659	0.791875	0.745303	3.37898	9.004049	10.477747	7.651241
4.360661	10.991866	5.537556	0.075889	11.638901	7.585984	0.713396	11.216887	0.8335	9.193773	10.769879	9.3943	6.998481	10.688926
1.029879	1.12574	10.249523	10.484707	10.225635	3.505507	10.810269	6.978578	0.875125	12.170194	8.823776	5.952018	6.662423	11.106626
11.534907	2.758473	2.017683	6.767586	10.982725	9.486143	0.343394	1.76752	0.91675	14.748924	7.046658	3.684708	15.175616	12.768913
6.905181	4.03655	11.124276	6.647512	10.60184	10.28416	4.833443	0.45739	0.958375	9.311401	9.799627	3.875053	10.341456	10.823735
2.779776	8.652719	15.017605	5.483376	7.037883	5.470816	0.265255	2.575267	1.0	2.947806	6.485735	15.213282	16.955831	10.114649
3.594646	5.584984	14.43688	1.18807	12.284158	12.333165	12.60892	1.055954	0.389441	0.001	6.755052	0.240949	12.452937	17.073844
10.873157	6.22477	5.169802	8.402254	5.812496	3.962675	4.722872	12.208001	12.522869	0.042625	1.71153	9.50626	11.899608	6.941079
14.10508	5.847018	4.89788	5.511983	9.276855	3.407627	15.058496	1.878811	4.592623	0.08425	3.713489	15.541185	11.618758	4.465944
3.279025	4.265264	6.829366	15.035507	9.471445	14.69995	1.228794	5.124915	0.222899	0.125875	6.077575	12.943899	14.521494	6.173992
3.609053	2.699586	4.030951	13.25977	6.178106	7.965399	10.162652	5.799925	22.75707	0.1675	2.532053	5.092337	8.79161	6.953989
3.741637	5.062741	4.052043	15.724216	5.756544	4.180419	16.041141	0.905333	15.940735	0.209125	1.360433	5.309589	16.373056	5.342989
1.518465	1.221524	7.768133	3.568246	4.217523	5.952124	6.82311	10.490878	11.588989	0.25075	12.770898	9.288788	11.32982	13.210751
12.879841	3.644774	6.912668	8.994191	9.954894	9.888626	3.768929	6.361358	7.655217	0.292375	7.34822	6.008789	8.981918	7.308199
10.385718	5.636803	14.992402	13.539061	1.045424	8.863868	0.66313	13.152705	1.387615	0.334	0.606643	13.829415	4.701078	10.862137
3.162692	14.370409	0.145825	3.550353	3.82513	10.373347	15.2601	0.135347	6.739414	0.375625	17.019524	6.914073	15.78399	2.344172
8.82693	3.652786	6.992239	5.294474	7.184249	2.739973	13.538078	9.826468	7.766377	0.41725	0.807257	12.87972	15.019063	5.055136
11.23016	10.109961	1.654331	9.471457	13.245794	8.798008	12.481331	8.190602	1.397362	0.458875	4.78726	1.062865	9.979053	7.132941
11.130123	15.377139	6.664408	4.555271	0.136961	14.920839	3.500666	6.625003	2.857195	0.5005	4.220822	3.913673	17.772726	7.824672
16.461701	1.89224	9.349591	12.215464	3.400124	4.383481	1.420454	17.113523	12.310831	0.542125	7.661885	6.072294	0.602469	6.573818
15.28326	13.933056	9.068211	9.996142	5.271798	2.684658	3.776088	2.842338	0.73791	0.58375	1.973963	12.636365	4.853204	16.359258
10.817791	3.713542	6.767898	7.615768	9.188009	2.893362	5.701901	14.645553	12.468655	0.625375	3.900693	7.833827	1.978541	11.849086
4.370723	17.883938	3.574061	15.915446	16.713699	7.773101	1.994844	5.838137	4.229323	0.667	3.85808	0.537124	12.434848	4.209676
9.831268	9.341543	10.064952	5.193745	5.387259	8.734779	8.419693	3.072507	9.691561	0.708625	11.495966	3.093411	8.8262	6.138491
1.785639	1.343808	8.859223	5.782046	12.036533	0.646496	10.504511	7.134601	11.190341	0.75025	10.654102	5.921048	11.836564	11.554837
2.028441	6.817251	10.65782	10.742439	5.217029	10.91801	9.373968	11.404847	2.301473	0.791875	9.32831	8.802806	2.438187	9.177545
9.552691	1.436137	4.055691	9.701721	3.703909	8.070864	9.889172	4.431995	10.397069	0.8335	11.123011	7.906921	8.016467	10.880853
7.427066	11.632912	2.883508	0.595136	10.381678	9.195235	2.624512	15.235454	1.778738	0.875125	7.38547	10.210818	14.13977	5.634578
2.522066	8.692719	9.824814	1.947466	13.107873	4.405858	12.153177	7.903238	10.739407	0.91675	4.746883	3.421749	11.914831	7.703167
10.883013	14.204755	5.758341	9.848016	2.015173	6.66545	9.284043	6.109698	2.579087	0.958375	6.22236	12.440736	10.753712	2.277242
5.543959	8.95203	1.056226	9.954088	13.086227	0.732946	0.559616	17.292814	17.729246	1.0	0.142329	5.773306	3.893656	14.283555
0.587447	10.052797	11.924046	7.76124	8.563002	6.740392	4.374114	7.123279	4.718985	6.47775	0.001	10.369704	8.591858	12.714385
7.651552	6.799285	10.321054	13.399777	4.30391	9.262511	14.205927	5.727117	9.042059	1.187559	0.042625	14.212242	3.236831	0.607551
8.525508	6.787443	0.248272	8.000744	12.584261	2.176013	13.887555	14.845826	4.182772	1.776202	0.08425	2.4787	14.953575	9.468879
6.026883	0.365049	5.232628	9.939176	12.435388	7.939516	11.687224	3.162781	2.859016	16.800323	0.125875	12.837764	2.377955	8.210421
1.540615	9.490216	8.836475	12.897409	7.40411	7.165976	10.594682	12.478422	11.452499	2.586051	0.1675	2.545975	0.274293	12.565777
11.041737	1.927612	11.502245	5.680751	0.649263	16.827695	3.712728	6.539437	9.4549	16.046707	0.209125	2.950262	4.90296	8.554579
11.753941	6.655776	0.932289	14.022673	1.804606	4.182866	3.126441	13.962068	7.063041	8.167324	0.25075	1.765567	14.020912	12.291746
9.241415	2.04457	2.883133	4.688311	17.16796	8.641488	21.634321	3.334412	0.8205	9.982024	0.292375	3.762909	3.493495	12.013086
2.111433	11.955283	5.225284	4.441335	7.969198	13.320893	5.788855	6.020799	10.423849	13.417671	0.334	7.870737	4.764294	6.356368
8.281162	2.515939	1.069097	2.702617	9.570455	10.53535	2.828071	1.589652	11.936626	9.591266	0.375625	14.554938	9.197859	15.251343
5.627475	12.160875	5.935453	12.345342	0.412848	0.68328	13.46626	9.920485	9.401766	1.631366	0.41725	13.037454	13.374636	1.585512
11.515888	5.701313	7.175176	7.955292	7.377007	1.136129	11.74204	0.620195	13.464008	7.270227	0.458875	8.550974	3.488261	13.544615
4.04182	11.388689	9.37954	14.104182	11.58482	2.449453	0.985449	4.473075	2.136398	3.676974	0.5005	6.358733	13.519342	15.401026
3.011696	14.851511	6.386328	0.22976	12.425479	15.260285	10.662038	2.690845	11.535436	15.407421	0.542125	5.538506	1.171955	0.286615
14.163588	11.214743	8.636446	3.751258	10.847118	10.377909	8.46138	2.622156	3.592452	0.648616	0.58375	13.998478	1.764835	9.337273
9.759464	2.217347	4.205417	14.038811	3.911979	2.142764	6.246774	14.557794	3.994897	13.22271	0.625375	11.230572	5.403364	8.442733
7.679786	5.222797	12.363991	7.799995	13.82765	13.640963	4.070791	0.195	11.689783	0.332251	0.667	10.348874	3.246667	8.914452
10.072098	5.281059	6.239257	12.96905	6.194771	7.246711	15.639908	3.583714	7.875776	3.054704	0.708625	3.492056	13.529063	4.113208
3.960318	16.233999	6.583689	11.345312	7.360245	1.558968	13.09524	0.266113	13.751445	5.337425	0.75025	9.803718	8.538725	1.414552
2.173835	7.810868	7.948361	13.056478	9.265445	10.766793	0.024771	0.012689	16.08655	14.139047	0.791875	3.17559	12.052381	2.695315
10.063479	7.340691	13.533966	0.207272	4.730182	5.369739	3.389152	11.884555	4.943434	7.815566	0.8335	13.46406	5.185231	11.239174
2.806373	2.393587	2.151174	9.353946	6.013343	11.505438	6.104429	14.369057	13.822235	14.142564	0.875125	4.372422	11.02478	1.065529
3.700397	1.70925	9.730397	13.918823	14.025852	10.440258	0.049259	1.198509	9.279197	8.76906	0.91675	11.227618	6.397767	8.636863
9.744416	4.989841	9.377787	11.354806	10.053773	6.653241	2.67202	5.482342	3.851725	10.719671	0.958375	11.101184	2.936411	10.104408
6.572072	6.190343	7.440447	8.36034	10.910139	8.459557	2.067554	10.217049	7.234415	3.188708	1.0	9.451656	5.570817	13.336903
8.823637	7.454229	7.705053	1.832558	8.594062	2.818981	2.975987	13.753246	8.030899	13.003815	5.872024	0.001	8.193908	10.940601
8.792148	7.139129	7.087618	13.553856	3.153848	9.981631	8.002647	13.53619	3.060299	8.417443	10.845457	0.042625	0.179329	6.207781
2.649474	5.02697	6.900504	6.746348	5.451603	5.491062	13.766432	2.275202	13.619405	7.834705	1.280074	0.08425	19.975266	8.898705
5.395159	13.057907	9.131168	9.773151	2.295329	7.998115	3.662793	13.786527	9.404563	9.389462	1.230628	0.125875	12.564218	2.185106
4.572669	1.933281	10.07185	10.866112	4.322115	4.208351	15.750055	11.957722	15.114061	3.806803	11.708264	0.1675	0.129583	5.391633
3.10516	4.752289	6.115082	13.070905	12.392187	5.51949	2.558109	9.323214	7.575945	13.418856	7.065813	0.209125	14.670378	0.223446
11.012734	12.83578	8.697975	11.575221	3.212797	5.465632	4.159802	0.511396	4.790171	11.044048	6.551391	0.25075	7.046982	12.84532
5.621104	2.539698	10.938906	12.761729	6.222454	2.741873	9.034998	7.114683	10.596239	13.074985	2.343073	0.292375	6.886343	9.831541
14.112112	11.846443	2.623657	8.227986	12.663218	13.969641	5.309735	14.288964	7.595311	0.422524	4.525788	0.334	0.223394	3.857228
14.535884	4.729625	8.744016	9.626104	7.302111	8.434023	5.840412	3.552835	2.63222	6.367826	8.167996	0.375625	14.30325	5.388072
14.706588	0.46749	14.111324	4.978382	7.864926	0.674868	9.265063	5.453956	6.852143	2.2054	8.309884	0.41725	16.129349	8.563379
11.004505	6.518717	0.376009	12.263769	3.179282	9.721728	3.514039	12.127871	0.412425	6.97572	8.682197	0.458875	9.869886	14.894978
1.747685	0.59847	12.106726	13.679117	5.562939	12.553005	6.96107	14.062885	5.360242	14.284639	0.744773	0.5005	0.922002	10.915947
8.66852	2.178788	7.281301	7.77878	3.870876	6.746357	16.459462	9.087893	6.939858	5.527418	0.755048	0.542125	8.533634	15.62994
6.478794	5.04333	12.571703	15.161465	3.2612	1.320424	12.753644	9.284807	4.833852	5.418399	7.146781	0.58375	15.558472	0.583378
3.19371	11.561199	3.00084	9.21816	11.821276	1.881519	13.737444	4.516876	8.159153	11.481865	15.485012	0.625375	5.08755	0.23002
5.301023	2.882889	3.245419	3.530049	10.310913	9.222221	11.562222	6.361008	7.560434	10.590268	6.093061	0.667	10.46712	12.206372
16.641281	6.061663	10.230269	7.831016	8.907493	10.114523	8.970578	6.948579	9.387589	4.035158	2.492016	0.708625	0.976791	6.694418
11.56275	13.047958	8.602153	10.840895	9.021317	9.027628	7.174049	1.623182	8.86535	7.285079	7.756422	0.75025	0.833767	3.609201
2.90339	11.850103	5.36944	11.36784	8.118421	12.051403	12.718445	14.242743	9.811142	0.551973	1.936035	0.791875	5.917405	2.369782
1.796766	8.428449	6.84988	9.491319	1.757518	8.175101	7.585276	9.864269	10.695957	8.22102	2.081193	0.8335	12.972581	11.247172
9.27918	7.064843	8.175259	9.888872	8.327176	10.903669	2.910652	6.217221	11.177429	7.705192	8.300064	0.875125	0.720223	8.455095
4.398373	5.118114	9.656089	0.355389	6.998736	11.248591	4.204242	7.568237	13.14649	7.78308	5.540635	0.91675	11.169673	11.8956
5.527488	2.145368	13.73181	13.943079	1.940038	8.33193	3.410884	13.493145	2.943729	13.325408	5.733905	0.958375	12.797866	1.716976
10.401267	6.536375	6.754278	10.853676	8.780804	0.782852	5.606566	12.249632	13.230256	3.378633	8.787152	1.0	4.189092	7.449417
3.532422	0.410396	1.42508	8.778553	13.674283	11.109535	10.655368	13.986437	1.599059	10.803842	2.409204	11.536358	0.001	10.078465
7.476616	0.905979	1.993487	4.860166	13.370702	13.338725	13.109485	11.093077	4.836267	4.281023	12.535621	4.468072	0.042625	7.688155
6.261112	2.953206	8.054183	14.835157	9.767402	12.911806	10.067807	5.353472	12.713674	3.006788	0.304929	2.458526	0.08425	11.22769
7.30888	3.057863	1.817366	1.40103	11.395005	10.046628	9.886592	15.916232	5.688655	18.328698	1.068602	2.435653	0.125875	11.522921
7.654318	16.098742	9.510789	0.699334	9.060429	16.9683	2.990453	2.973901	9.414812	1.269279	9.620676	7.829559	0.1675	5.741909
0.101816	10.742557	9.701957	2.74496	9.777359	5.265784	7.817377	12.640908	4.841875	8.045545	7.042569	8.554172	0.209125	12.513996
8.619778	1.039454	11.400777	3.457288	13.240138	9.405162	11.74212	3.320557	5.132041	7.387299	10.296024	10.921075	0.25075	3.787537
9.309672	7.159387	7.082002	1.503891	11.491512	3.743235	7.841029	9.635094	9.255307	3.749878	6.553165	11.889968	0.292375	10.493486
11.052104	5.428645	11.720402	3.052821	11.817889	4.672645	2.642145	11.812224	2.288398	11.595973	8.391537	5.220485	0.334	9.970731
5.524422	11.648923	9.665975	6.289657	9.004258	11.378918	11.200485	9.712884	0.645145	8.788698	2.921776	11.191567	0.375625	1.651665
9.041094	5.069496	4.023518	11.228057	12.769863	3.644183	4.252667	1.493578	10.83819	7.003188	13.739168	5.729275	0.41725	10.750472
3.000403	6.231156	0.739735	3.589446	13.089916	9.341206	11.641477	5.829489	5.187017	13.286769	0.824309	14.220551	0.458875	12.55965
