CD4	CD8	nB	NK	Mn	mNeu	m8	DC	Eo	Tr	m4	Mg	Er	mB
8.424128	1.0	4.594071	13.30703	11.71677	13.365217	12.906513	0.705267	8.033608	5.857721	1.027851	10.012121	7.5712	1.478501
8.151495	1.0	3.186565	3.093307	9.529067	3.060714	13.086379	13.201891	12.996804	12.772237	6.623098	8.545342	0.629011	4.12409
8.480628	1.0	4.882535	9.289553	5.67057	3.807031	13.081019	1.913513	4.925594	9.435006	14.634248	7.943045	6.967324	7.969934
6.185963	1.0	14.072026	10.151223	6.779273	2.526014	14.403176	4.27482	6.181853	5.762543	2.955736	3.894181	13.684464	8.128728
9.011513	1.0	10.215731	8.370062	6.502486	9.685458	5.173056	8.556172	7.117874	8.479753	8.841711	3.045042	7.758011	6.243131
9.637202	10.888889	3.635413	11.208805	6.543141	10.605801	11.09034	6.45545	4.328629	6.717759	0.230668	7.364985	7.650639	3.642279
5.000349	10.888889	6.468738	4.802144	6.155132	12.050904	5.878457	9.844632	11.917144	2.037088	6.032179	3.720872	3.446888	11.756586
2.92633	10.888889	4.614593	5.465451	6.058094	2.983539	12.418007	6.865827	3.528604	9.562164	6.950125	7.648263	12.410399	7.679716
8.798765	10.888889	1.543203	2.362701	8.147493	6.679455	12.768808	8.156981	6.123863	2.426029	11.567054	7.196786	9.015897	4.324077
9.798895	10.888889	7.591832	10.016941	1.819228	4.839661	11.648141	0.868525	3.841694	10.38825	9.575741	7.17832	5.94448	5.599404
0.792558	20.777778	7.740736	9.222662	5.893507	7.636634	5.649303	4.384708	1.984514	10.39559	1.529602	9.42656	2.688376	11.877472
10.025654	20.777778	6.111416	9.754116	1.691847	8.564828	0.471208	5.616694	10.421888	5.612096	4.176581	4.512526	3.911664	8.351704
2.855742	20.777778	3.161637	9.93016	9.636314	8.328239	5.702894	1.245375	2.894491	3.755439	9.683442	2.919644	10.834746	8.274099
0.548532	20.777778	9.540175	9.247024	0.830983	7.022548	1.14054	12.263668	12.443191	4.907282	5.774746	11.938286	0.902927	2.66232
0.537313	20.777778	3.514886	4.921691	0.220514	11.36883	9.765208	0.707329	11.875016	9.920909	1.197068	5.214461	10.185011	9.793988
6.871829	30.666667	0.827155	5.719425	3.040852	3.751562	5.964704	7.845138	1.31406	6.098278	5.650044	5.102576	8.436136	8.711574
2.541045	30.666667	3.026738	0.701515	9.139635	7.012613	2.531227	3.483937	6.839684	8.243368	5.757545	9.615288	1.878267	8.562471
4.647301	30.666667	8.434019	12.720467	2.210989	3.275152	1.614399	10.43511	1.124948	2.745462	6.83092	12.629073	2.394373	0.27112
1.062261	30.666667	4.406001	6.219486	3.288185	7.818438	4.873602	9.493834	2.502056	7.632505	9.00143	1.734364	1.908761	9.39241
1.09102	30.666667	1.159483	7.7127	4.742585	4.088143	0.211799	10.040602	9.962067	5.087424	0.55128	10.680406	7.807796	6.198028
4.949422	40.555556	8.275605	0.890757	1.620977	6.040483	5.125986	5.868883	2.551118	7.983819	5.906355	6.299854	1.807028	2.124158
8.343946	40.555556	4.967254	7.510621	1.644772	1.090326	1.300756	4.380187	6.406213	8.515023	9.01315	1.211754	2.67644	2.384003
1.524457	40.555556	4.10256	8.923173	7.433383	3.345894	3.691327	3.342319	9.78417	4.037347	0.499611	5.015937	1.032688	6.711579
8.800482	40.555556	2.658801	6.869173	3.049383	0.059093	6.311035	7.354253	2.062059	2.960773	4.97666	4.446398	7.670041	2.226294
0.264106	40.555556	2.742546	2.014327	10.760073	10.627544	5.644242	0.640796	4.99844	8.371273	6.337447	5.096565	0.008983	1.938104
6.877381	50.444444	1.697553	3.441628	6.049559	3.394306	3.184921	3.561892	4.811264	3.649415	1.981557	4.735134	0.241692	5.929253
7.975682	50.444444	1.612836	7.496269	1.114873	1.213998	1.327137	4.384076	1.512499	6.63028	1.334577	5.891591	7.956085	1.105652
6.389974	50.444444	0.434934	7.74833	0.157437	7.053771	0.606405	1.744648	3.218072	4.785214	0.08806	6.461804	5.358344	5.508563
2.498159	50.444444	0.348105	6.560312	1.206932	3.998466	0.974735	2.10019	7.265043	4.836635	6.711249	6.28458	4.057945	2.713204
3.06715	50.444444	2.628427	5.771847	5.962947	6.36694	1.639234	2.170294	2.373736	4.180517	5.495764	3.77664	3.582987	2.539072
2.956703	60.333333	3.944882	3.430852	4.54318	3.479432	3.561775	3.875014	1.000985	1.995803	3.356564	3.555628	0.79539	3.170459
0.923635	60.333333	1.895843	3.674295	4.508396	3.929882	0.053586	4.209962	4.373186	3.05979	2.715193	3.652902	4.192935	2.477061
4.00853	60.333333	4.096986	4.215018	5.088434	0.867485	5.61028	2.004446	1.895688	1.15314	2.682268	1.281152	4.881588	1.881652
1.91833	60.333333	3.575376	3.772262	2.936078	0.704411	1.601761	6.538306	2.905093	4.988026	0.890208	6.433724	1.899456	1.503634
3.376834	60.333333	5.477803	3.11852	4.288026	3.438802	1.168062	0.193174	3.451886	3.014877	4.917994	0.987716	2.999252	3.23372
3.623968	70.222222	0.842222	2.820595	2.502465	0.3133	1.8912	4.094174	3.228776	3.999042	0.778706	0.358117	1.21932	4.105892
4.146736	70.222222	0.181457	0.826408	4.653935	3.670505	2.202928	1.126282	4.74279	1.951589	1.948974	0.123189	1.357912	2.845074
0.062955	70.222222	3.882835	2.877581	1.532894	2.506055	3.719139	2.416379	2.187994	3.234835	0.072635	3.005195	2.255021	2.02426
5.229719	70.222222	1.707365	1.957699	0.428124	0.510475	3.527359	5.741469	0.898889	3.079034	0.230038	4.929304	0.765534	0.77277
2.276497	70.222222	0.959983	3.511011	0.853881	1.426365	3.216961	3.324399	2.972179	3.576637	3.122219	1.140841	1.081802	2.315001
0.546802	80.111111	1.390658	0.510469	2.069168	1.941966	0.899834	0.79794	2.025048	1.370165	2.760838	1.575813	1.436965	2.563222
2.371384	80.111111	2.39531	2.698695	0.938468	2.573262	0.614847	2.509945	0.820299	0.142758	0.890092	1.596712	0.266448	2.070667
0.71566	80.111111	2.115034	2.842928	1.260781	0.57183	0.441684	2.680613	1.573234	1.813213	1.334959	2.212442	1.093741	1.23277
2.262761	80.111111	0.696746	1.128766	2.779298	0.277179	0.468598	1.706285	2.898317	0.116859	1.142265	2.47716	0.792642	3.142014
3.028015	80.111111	1.299562	0.466567	0.343437	3.886814	2.633448	1.513683	0.199186	0.20246	0.935649	1.916088	3.131641	0.332341
0.031311	90.0	0.673538	1.437949	1.152853	1.538675	0.278084	1.048146	0.841248	0.00558	1.158384	0.384044	0.860178	0.590011
0.212211	90.0	0.882851	1.066315	0.844626	1.257267	0.386232	0.722126	0.311446	1.238176	0.833702	0.697103	0.478008	1.069937
0.363054	90.0	0.464327	1.645218	1.449325	0.949336	0.900978	1.66746	0.404109	0.247408	0.811629	0.29309	0.768311	0.035754
0.65884	90.0	1.489606	1.035575	0.341114	0.554715	1.011566	0.757786	1.38821	0.200278	0.686287	0.070952	1.100682	0.704389
0.077254	90.0	0.450402	1.022848	0.484516	0.24432	0.572765	0.240882	1.810981	0.941713	0.592079	0.979986	1.866153	0.7161
