CD4	CD8	nB	NK	Mn	mNeu	m8	DC	Eo	Tr	m4	Mg	Er	mB
1.0	1.086285	6.783879	10.56136	10.574063	4.891105	6.256099	10.613127	11.454663	10.499624	6.911608	6.096187	7.811052	5.460948
1.0	14.435666	3.620974	0.526724	14.730054	3.347215	14.559994	3.028276	14.935574	2.018696	2.984356	13.13632	7.453161	4.222991
1.0	9.9571	16.473068	7.912332	3.003772	18.990962	8.584826	5.109264	13.869082	4.717903	0.220859	0.818361	5.216397	4.126075
1.0	9.460692	3.862829	11.517009	10.179146	3.969807	2.133003	12.8829	13.303702	3.902208	4.452528	12.526753	8.06766	2.741764
1.0	4.486965	15.482342	0.900016	2.160872	14.134072	7.064582	3.461958	10.945921	3.478629	14.128865	3.788839	1.618953	17.347987
10.888889	1.499626	2.088035	5.298988	10.466017	9.045727	7.825426	6.012268	10.365124	1.706179	6.492771	11.182291	5.689764	11.438895
10.888889	1.573418	15.128492	1.577025	15.272108	3.179722	3.459244	3.264647	16.239993	6.565031	7.295961	3.575186	9.019948	2.960338
10.888889	14.852351	2.408733	5.748647	4.301494	13.415335	1.236016	10.646304	13.766111	6.85608	3.350336	2.492069	4.47124	5.566395
10.888889	4.285384	1.114569	13.013706	11.243214	0.888494	12.03328	10.437476	7.114261	1.448708	4.509135	8.884911	5.129701	9.008271
10.888889	8.435466	11.318753	2.542968	11.220173	1.142538	11.168652	7.611403	2.972935	6.048486	10.950698	0.100344	6.861948	8.736749
20.777778	9.133107	9.086584	4.561415	3.698674	5.56513	9.105678	5.147002	4.449653	9.137303	1.63573	7.852821	0.819398	9.029728
20.777778	8.93847	3.537237	8.142103	7.446086	5.210334	3.092059	8.916277	4.420844	2.287112	7.963458	3.838698	9.784445	5.645099
20.777778	12.255155	2.636105	1.15519	0.499323	12.355888	1.250732	1.606144	7.523117	4.592956	10.55685	9.308226	10.064788	5.417748
20.777778	11.366212	10.144362	6.062246	0.206278	7.22207	3.069909	8.924795	5.961528	13.298713	4.169348	2.951202	5.245147	0.600413
20.777778	9.220513	8.779641	5.382004	8.58309	9.99205	2.186981	9.968403	3.435279	6.529566	2.437606	3.230299	6.669918	2.806873
30.666667	8.848073	7.842223	9.393763	4.001595	3.882311	1.210653	0.277166	9.412146	2.914319	5.785449	7.665732	5.508799	2.591103
30.666667	7.844124	5.978509	2.235081	4.71139	3.155458	7.616123	3.835297	11.818154	9.185139	3.263007	1.748535	7.108405	0.834112
30.666667	3.80775	6.037296	6.777933	7.939286	3.528419	4.750118	3.66692	5.801879	8.818498	5.694188	6.46292	5.781875	0.266252
30.666667	0.618416	4.928084	7.803889	5.330182	8.027963	5.229096	3.668114	7.684723	5.746389	7.057399	4.607038	1.744085	6.887956
30.666667	3.624259	8.321594	2.093362	4.276122	2.856953	9.343	6.900915	0.47469	8.885798	1.294448	9.46007	10.173264	1.628858
40.555556	4.274651	7.329275	6.437244	3.524061	4.692361	4.600291	1.699073	0.805639	1.101073	7.11996	6.487253	5.375115	5.998447
40.555556	6.628915	4.486033	3.247582	2.591082	5.491108	3.421793	6.583231	4.403053	0.945255	3.603215	5.603463	5.824746	6.614968
40.555556	5.931223	4.626664	5.364101	0.409402	8.920729	1.72771	6.163951	1.03858	5.257768	7.77398	7.958788	1.883767	2.387782
40.555556	7.906507	1.726442	1.547512	2.665582	3.977201	2.675804	3.281192	8.506784	6.525874	1.511416	7.550517	7.960518	3.609095
40.555556	4.484064	3.647692	2.535956	3.89616	6.584205	6.308065	7.319856	6.607702	1.787729	4.191512	5.794235	0.040882	6.246386
50.444444	6.393097	0.771037	2.445103	0.757705	4.213021	5.237807	6.132145	4.363196	5.054182	3.238809	2.244223	3.06233	5.642898
50.444444	3.786141	8.507494	2.706054	2.947011	2.874561	0.385413	5.342315	1.437666	3.084149	2.576268	6.626782	1.495058	7.786644
50.444444	2.491467	1.15484	5.671327	4.307511	6.117247	1.88982	7.351716	4.228955	4.00587	2.514035	2.266449	5.094773	2.461546
50.444444	2.306805	5.486866	2.427229	5.391138	5.53291	1.959432	2.819982	5.215167	4.767777	3.866304	4.82262	3.147418	1.811907
50.444444	6.0021	6.604169	2.994033	5.234886	1.099391	0.03805	3.454868	5.423245	3.46994	4.553302	4.528165	2.069064	4.084344
60.333333	4.751656	3.460264	3.006003	3.742876	5.713788	3.682995	0.59852	1.48803	2.987263	1.576427	0.923606	4.411532	3.323704
60.333333	1.79227	3.110398	3.782132	1.307682	6.811697	0.492198	1.903632	5.29709	3.806132	3.696094	1.525372	3.884568	2.257403
60.333333	1.935308	4.557705	3.317048	5.300522	4.202965	4.055487	5.417715	0.202515	5.73461	2.161187	0.142102	0.699356	1.940147
60.333333	2.263866	6.635964	0.07306	3.233043	1.238888	4.867413	5.247762	0.114672	6.361704	0.111462	2.580268	4.547875	2.390689
60.333333	3.759094	5.564347	1.511155	2.912384	0.675844	2.382057	3.399618	5.401602	1.287232	2.47535	2.728962	4.249494	3.319528
70.222222	2.628493	3.078586	3.047686	2.109707	1.916631	0.21521	2.566546	2.432334	2.872668	1.689352	2.447146	2.498335	2.275083
70.222222	2.122983	0.963014	4.216837	3.481547	4.503004	1.481701	0.411339	1.001195	2.193857	0.919196	4.50057	2.014088	1.968446
70.222222	1.748013	1.951412	4.353209	1.99465	3.623591	0.762607	4.528339	0.656926	2.009974	0.160938	4.137711	3.371675	0.478732
70.222222	2.404164	4.177502	3.087803	1.121814	1.991811	3.538979	0.453619	2.062433	2.915785	2.515426	3.808626	0.176028	1.523787
70.222222	0.619556	0.362079	3.137526	2.06236	3.259686	5.437247	0.277759	0.324648	3.11887	1.750175	2.496559	2.098743	4.832569
80.111111	1.884257	0.163175	1.612644	0.698804	0.282496	1.673405	2.27587	1.359729	2.708187	3.263816	0.79077	1.68276	1.492977
80.111111	1.05875	1.601651	1.387856	0.248183	2.205152	1.936016	2.014194	0.51009	2.438079	2.479923	0.233232	1.303146	2.472616
80.111111	0.802013	1.995627	0.862941	2.215818	1.820803	2.075156	2.096714	1.405447	2.064077	0.981546	1.684057	1.480982	0.403709
80.111111	0.832802	0.338197	0.629524	3.060653	2.784107	0.994127	0.72684	0.790945	2.670748	2.243627	0.993814	2.84327	0.980234
80.111111	1.576564	1.005241	2.283919	1.124326	1.834081	2.685819	0.313672	0.637019	2.860054	1.574309	0.358402	2.523162	1.11232
90.0	1.140038	1.168057	0.159385	0.950443	0.907177	0.428261	0.212693	1.093192	0.266632	0.388818	1.102943	0.947387	1.234974
90.0	0.265991	0.748117	0.098521	1.303941	0.161126	0.271467	0.663644	0.598648	0.885303	1.135191	1.37472	1.354207	1.139125
90.0	0.997017	0.42245	0.930937	0.475744	0.862079	1.26865	0.395454	0.522967	1.479382	0.420345	1.245175	0.559839	0.419961
90.0	0.991321	1.082461	1.036261	1.124951	0.911184	1.263796	1.048962	0.400954	0.065923	0.471783	0.244885	0.882167	0.475352
90.0	0.256015	1.214185	0.882792	0.233238	0.339988	1.684534	1.434723	0.205629	1.256677	1.403772	0.417765	0.271538	0.399145
8.424128	1.0	4.594071	13.30703	11.71677	13.365217	12.906513	0.705267	8.033608	5.857721	1.027851	10.012121	7.5712	1.478501
8.151495	1.0	3.186565	3.093307	9.529067	3.060714	13.086379	13.201891	12.996804	12.772237	6.623098	8.545342	0.629011	4.12409
8.480628	1.0	4.882535	9.289553	5.67057	3.807031	13.081019	1.913513	4.925594	9.435006	14.634248	7.943045	6.967324	7.969934
6.185963	1.0	14.072026	10.151223	6.779273	2.526014	14.403176	4.27482	6.181853	5.762543	2.955736	3.894181	13.684464	8.128728
9.011513	1.0	10.215731	8.370062	6.502486	9.685458	5.173056	8.556172	7.117874	8.479753	8.841711	3.045042	7.758011	6.243131
9.637202	10.888889	3.635413	11.208805	6.543141	10.605801	11.09034	6.45545	4.328629	6.717759	0.230668	7.364985	7.650639	3.642279
5.000349	10.888889	6.468738	4.802144	6.155132	12.050904	5.878457	9.844632	11.917144	2.037088	6.032179	3.720872	3.446888	11.756586
2.92633	10.888889	4.614593	5.465451	6.058094	2.983539	12.418007	6.865827	3.528604	9.562164	6.950125	7.648263	12.410399	7.679716
8.798765	10.888889	1.543203	2.362701	8.147493	6.679455	12.768808	8.156981	6.123863	2.426029	11.567054	7.196786	9.015897	4.324077
9.798895	10.888889	7.591832	10.016941	1.819228	4.839661	11.648141	0.868525	3.841694	10.38825	9.575741	7.17832	5.94448	5.599404
0.792558	20.777778	7.740736	9.222662	5.893507	7.636634	5.649303	4.384708	1.984514	10.39559	1.529602	9.42656	2.688376	11.877472
10.025654	20.777778	6.111416	9.754116	1.691847	8.564828	0.471208	5.616694	10.421888	5.612096	4.176581	4.512526	3.911664	8.351704
2.855742	20.777778	3.161637	9.93016	9.636314	8.328239	5.702894	1.245375	2.894491	3.755439	9.683442	2.919644	10.834746	8.274099
0.548532	20.777778	9.540175	9.247024	0.830983	7.022548	1.14054	12.263668	12.443191	4.907282	5.774746	11.938286	0.902927	2.66232
0.537313	20.777778	3.514886	4.921691	0.220514	11.36883	9.765208	0.707329	11.875016	9.920909	1.197068	5.214461	10.185011	9.793988
6.871829	30.666667	0.827155	5.719425	3.040852	3.751562	5.964704	7.845138	1.31406	6.098278	5.650044	5.102576	8.436136	8.711574
2.541045	30.666667	3.026738	0.701515	9.139635	7.012613	2.531227	3.483937	6.839684	8.243368	5.757545	9.615288	1.878267	8.562471
4.647301	30.666667	8.434019	12.720467	2.210989	3.275152	1.614399	10.43511	1.124948	2.745462	6.83092	12.629073	2.394373	0.27112
1.062261	30.666667	4.406001	6.219486	3.288185	7.818438	4.873602	9.493834	2.502056	7.632505	9.00143	1.734364	1.908761	9.39241
1.09102	30.666667	1.159483	7.7127	4.742585	4.088143	0.211799	10.040602	9.962067	5.087424	0.55128	10.680406	7.807796	6.198028
4.949422	40.555556	8.275605	0.890757	1.620977	6.040483	5.125986	5.868883	2.551118	7.983819	5.906355	6.299854	1.807028	2.124158
8.343946	40.555556	4.967254	7.510621	1.644772	1.090326	1.300756	4.380187	6.406213	8.515023	9.01315	1.211754	2.67644	2.384003
1.524457	40.555556	4.10256	8.923173	7.433383	3.345894	3.691327	3.342319	9.78417	4.037347	0.499611	5.015937	1.032688	6.711579
8.800482	40.555556	2.658801	6.869173	3.049383	0.059093	6.311035	7.354253	2.062059	2.960773	4.97666	4.446398	7.670041	2.226294
0.264106	40.555556	2.742546	2.014327	10.760073	10.627544	5.644242	0.640796	4.99844	8.371273	6.337447	5.096565	0.008983	1.938104
6.877381	50.444444	1.697553	3.441628	6.049559	3.394306	3.184921	3.561892	4.811264	3.649415	1.981557	4.735134	0.241692	5.929253
7.975682	50.444444	1.612836	7.496269	1.114873	1.213998	1.327137	4.384076	1.512499	6.63028	1.334577	5.891591	7.956085	1.105652
6.389974	50.444444	0.434934	7.74833	0.157437	7.053771	0.606405	1.744648	3.218072	4.785214	0.08806	6.461804	5.358344	5.508563
2.498159	50.444444	0.348105	6.560312	1.206932	3.998466	0.974735	2.10019	7.265043	4.836635	6.711249	6.28458	4.057945	2.713204
3.06715	50.444444	2.628427	5.771847	5.962947	6.36694	1.639234	2.170294	2.373736	4.180517	5.495764	3.77664	3.582987	2.539072
2.956703	60.333333	3.944882	3.430852	4.54318	3.479432	3.561775	3.875014	1.000985	1.995803	3.356564	3.555628	0.79539	3.170459
0.923635	60.333333	1.895843	3.674295	4.508396	3.929882	0.053586	4.209962	4.373186	3.05979	2.715193	3.652902	4.192935	2.477061
4.00853	60.333333	4.096986	4.215018	5.088434	0.867485	5.61028	2.004446	1.895688	1.15314	2.682268	1.281152	4.881588	1.881652
1.91833	60.333333	3.575376	3.772262	2.936078	0.704411	1.601761	6.538306	2.905093	4.988026	0.890208	6.433724	1.899456	1.503634
3.376834	60.333333	5.477803	3.11852	4.288026	3.438802	1.168062	0.193174	3.451886	3.014877	4.917994	0.987716	2.999252	3.23372
3.623968	70.222222	0.842222	2.820595	2.502465	0.3133	1.8912	4.094174	3.228776	3.999042	0.778706	0.358117	1.21932	4.105892
4.146736	70.222222	0.181457	0.826408	4.653935	3.670505	2.202928	1.126282	4.74279	1.951589	1.948974	0.123189	1.357912	2.845074
0.062955	70.222222	3.882835	2.877581	1.532894	2.506055	3.719139	2.416379	2.187994	3.234835	0.072635	3.005195	2.255021	2.02426
5.229719	70.222222	1.707365	1.957699	0.428124	0.510475	3.527359	5.741469	0.898889	3.079034	0.230038	4.929304	0.765534	0.77277
2.276497	70.222222	0.959983	3.511011	0.853881	1.426365	3.216961	3.324399	2.972179	3.576637	3.122219	1.140841	1.081802	2.315001
0.546802	80.111111	1.390658	0.510469	2.069168	1.941966	0.899834	0.79794	2.025048	1.370165	2.760838	1.575813	1.436965	2.563222
2.371384	80.111111	2.39531	2.698695	0.938468	2.573262	0.614847	2.509945	0.820299	0.142758	0.890092	1.596712	0.266448	2.070667
0.71566	80.111111	2.115034	2.842928	1.260781	0.57183	0.441684	2.680613	1.573234	1.813213	1.334959	2.212442	1.093741	1.23277
2.262761	80.111111	0.696746	1.128766	2.779298	0.277179	0.468598	1.706285	2.898317	0.116859	1.142265	2.47716	0.792642	3.142014
3.028015	80.111111	1.299562	0.466567	0.343437	3.886814	2.633448	1.513683	0.199186	0.20246	0.935649	1.916088	3.131641	0.332341
0.031311	90.0	0.673538	1.437949	1.152853	1.538675	0.278084	1.048146	0.841248	0.00558	1.158384	0.384044	0.860178	0.590011
0.212211	90.0	0.882851	1.066315	0.844626	1.257267	0.386232	0.722126	0.311446	1.238176	0.833702	0.697103	0.478008	1.069937
0.363054	90.0	0.464327	1.645218	1.449325	0.949336	0.900978	1.66746	0.404109	0.247408	0.811629	0.29309	0.768311	0.035754
0.65884	90.0	1.489606	1.035575	0.341114	0.554715	1.011566	0.757786	1.38821	0.200278	0.686287	0.070952	1.100682	0.704389
0.077254	90.0	0.450402	1.022848	0.484516	0.24432	0.572765	0.240882	1.810981	0.941713	0.592079	0.979986	1.866153	0.7161
8.259874	5.115149	1.0	5.240603	1.414693	10.419625	6.662206	6.414912	13.973371	2.991859	7.243009	5.437357	12.126252	13.70109
7.272304	5.285222	1.0	11.414979	1.550541	10.039124	9.808017	8.561276	7.933358	0.782792	11.620096	9.843976	11.685219	3.203096
3.125752	0.919166	1.0	12.156638	10.697164	3.618782	8.551676	10.109769	7.964144	0.619298	8.846165	9.795619	10.570704	12.025125
13.084478	7.253139	1.0	3.888092	2.017726	4.319386	5.678782	6.902725	11.359259	8.597924	15.001917	2.340724	7.29328	11.26257
2.392706	5.328934	1.0	14.382377	6.986563	5.126324	1.80155	16.853385	12.466437	14.356938	2.16936	0.78259	7.593321	8.759515
12.20623	9.37236	10.888889	5.114146	11.859561	1.053644	3.753952	1.258877	4.51658	11.381031	12.406404	7.497732	5.104177	3.586416
2.73466	9.027513	10.888889	2.8321	12.295782	5.443202	4.008303	7.524642	5.163316	13.012437	0.119624	9.820992	7.404087	9.724453
1.603215	9.008207	10.888889	8.79768	0.424457	7.799319	11.06482	9.591055	13.087082	3.354791	13.745656	3.346491	4.554393	2.733946
7.393382	8.694458	10.888889	3.662322	8.896528	10.124418	10.661667	1.49507	0.602634	3.517249	9.928109	4.285503	10.711318	9.138455
5.387714	4.569532	10.888889	3.045012	11.301215	3.485812	14.847745	7.822846	5.854001	8.802644	1.379019	8.998408	1.448632	12.168529
5.430674	9.528337	20.777778	7.688799	7.820232	8.540058	10.041298	1.478766	5.185421	4.652579	1.812571	8.701965	5.573703	2.767821
1.694741	4.649192	20.777778	6.779691	6.837644	12.432043	3.277101	2.890597	11.355558	5.283167	6.273235	6.237588	5.757003	5.754662
8.393754	0.023519	20.777778	9.724407	4.497631	2.563109	8.899353	5.37442	7.707169	6.275486	10.896369	5.227642	6.235383	3.40398
4.620445	6.295446	20.777778	0.694321	2.170976	6.955183	7.91427	8.74758	4.353568	10.400215	9.675615	5.900514	8.601128	2.892961
11.544803	7.188912	20.777778	2.465438	8.086851	4.806849	2.762529	6.722053	10.409965	6.511078	0.469918	8.256972	2.485718	7.511136
2.531492	11.135011	30.666667	8.872779	5.901062	2.699575	5.22919	11.174937	5.949971	0.805106	6.145384	0.765922	0.602632	7.520274
8.762833	7.706407	30.666667	6.658002	8.19104	0.210139	2.918465	7.411966	4.267403	4.229038	2.741852	1.155932	8.866461	6.213794
2.451482	1.077809	30.666667	0.300568	5.031686	3.864377	7.007656	5.216294	4.746611	9.186698	4.642142	7.664148	9.465778	8.678084
2.073013	0.690171	30.666667	6.537675	7.056303	1.605503	5.679729	8.395056	4.47063	5.972914	4.994009	7.394154	9.305725	5.158452
1.307477	5.763373	30.666667	8.025986	2.61797	8.690377	9.539419	6.437928	2.513159	5.26095	1.870547	7.570472	5.486958	4.248717
9.896302	3.117244	40.555556	5.818335	7.168011	1.009765	6.735646	3.351708	2.957967	1.649346	0.953498	1.476404	4.62854	10.681679
1.378321	2.398353	40.555556	5.267563	1.512936	2.5518	6.027967	8.204693	5.769004	1.81614	6.507637	6.603935	6.979681	4.426415
0.413473	5.7921	40.555556	6.382602	5.019567	6.316495	6.434177	4.066253	6.839628	2.752066	4.746965	3.183448	7.007587	0.490083
6.614692	2.755972	40.555556	8.536036	6.750619	5.005951	6.190247	7.855522	4.859141	4.901826	0.833077	2.005393	0.036426	3.099544
0.334167	5.20306	40.555556	6.583411	2.560675	1.373984	12.832722	5.435805	1.310818	3.459195	8.836272	8.618954	1.09158	1.803802
1.38592	3.638559	50.444444	5.595066	5.750601	5.233908	3.430248	0.01448	1.174123	4.320405	3.16572	5.289785	5.478235	5.078507
1.805374	7.181442	50.444444	4.193851	3.807153	2.145418	2.888754	2.064973	4.759919	1.753493	8.387745	4.176884	3.042222	3.348328
1.774488	5.754304	50.444444	1.111787	6.330007	1.20766	1.839782	4.888083	0.842664	3.882652	4.323078	6.871084	4.638884	6.091082
1.278038	7.478865	50.444444	0.265237	6.712776	2.167369	6.784912	2.927927	7.45008	1.949735	2.173993	6.710735	0.220645	3.435242
0.085284	7.409744	50.444444	2.605504	1.202622	1.646101	3.078902	6.849837	6.831001	1.021521	6.231039	5.216796	4.458511	2.918696
2.774298	6.058258	60.333333	0.751177	3.516772	4.797941	5.170467	5.350141	2.020851	5.742515	1.382967	1.394341	0.365247	0.341692
3.228779	1.277605	60.333333	0.273852	4.845521	2.171169	3.825908	0.7458	5.055386	2.661557	4.941234	6.17722	0.203095	4.259542
2.740647	2.135314	60.333333	1.182494	0.387058	1.673994	5.518141	5.06596	5.612473	1.327098	1.471924	1.738446	5.208467	5.60465
4.044833	1.547853	60.333333	1.150411	2.347771	5.22211	5.082561	2.66508	2.079257	0.111539	2.011947	1.86883	6.546142	4.988335
0.75537	3.588598	60.333333	2.51842	5.082505	0.462868	3.542475	3.847803	3.869883	3.782165	1.705985	2.829597	3.360127	4.320871
3.275276	3.946471	70.222222	3.073766	1.124403	2.444357	2.937484	1.965594	1.832716	3.240098	3.197384	0.660666	1.385126	0.694437
0.770239	4.467438	70.222222	3.77487	0.313812	5.04044	1.180525	1.740361	0.485597	0.456353	2.226876	0.546817	3.663691	5.110759
3.741232	4.616646	70.222222	1.058807	0.629151	3.373828	2.314087	0.934905	0.477357	0.981509	5.093323	0.45628	2.9331	3.167554
0.758224	4.644074	70.222222	1.730003	0.277974	1.076213	2.426763	4.876036	3.076667	3.358153	4.778715	0.770266	1.956111	0.048579
4.475454	0.694756	70.222222	2.272777	2.391069	1.789248	2.521032	1.217369	4.482362	2.425399	2.993205	1.27845	2.672308	0.564351
0.437855	2.473596	80.111111	0.241647	0.572099	0.972634	1.874506	3.203888	2.923971	1.773581	0.057352	3.252655	0.880525	1.224578
0.838935	2.399403	80.111111	1.839077	2.682394	0.884917	0.828317	1.850123	0.276129	3.209461	2.83893	0.228406	0.051699	1.961098
2.001217	1.959051	80.111111	2.27897	0.72155	1.785942	1.900016	1.063884	0.362092	2.021956	1.318163	0.925313	1.585584	1.965149
0.130694	2.917053	80.111111	2.205291	2.207042	1.716829	1.979383	0.110464	1.343757	3.019909	1.245574	0.532146	1.680952	0.799793
0.804971	0.649819	80.111111	1.558109	1.366411	0.683046	1.539413	2.880192	2.497608	2.670878	1.850365	1.121023	0.615247	1.651807
0.46082	0.31962	90.0	0.055122	1.670906	0.011455	1.688314	0.570991	0.164801	0.482634	1.695264	1.535438	0.346487	0.998148
0.268707	0.059075	90.0	0.42316	0.167252	1.072853	1.30104	1.475768	0.656923	1.624438	0.070272	1.997603	0.515129	0.36778
1.399978	0.459422	90.0	0.965314	0.996253	0.255336	0.064866	1.428041	0.241949	0.852393	1.157244	0.880857	1.253852	0.044495
0.30112	0.15566	90.0	0.862537	1.059111	0.824576	0.940981	1.120489	1.032026	0.116561	1.460676	0.811396	0.915173	0.399693
0.911318	0.941015	90.0	0.97353	0.038047	0.7768	0.556725	0.336897	0.843146	1.220862	0.382145	0.65528	1.21843	1.145805
6.452538	4.750458	10.337778	1.0	3.641593	5.890974	13.37863	17.627345	2.199812	6.783392	2.993891	4.808255	17.351987	2.783347
11.085369	2.92018	10.939525	1.0	11.648287	3.18192	2.263874	9.271491	7.524957	10.375545	5.617483	5.843261	8.67341	9.654698
7.204163	9.837722	8.760881	1.0	8.923068	13.633698	1.432643	10.855057	1.175255	14.197599	5.87463	4.0125	0.554417	12.538365
0.861699	8.885051	2.942608	1.0	12.157557	12.6975	11.164353	9.040366	4.567883	7.775891	5.473132	6.861658	7.388118	9.184184
13.988877	9.325723	6.045316	1.0	12.355652	7.950894	1.240677	5.465879	2.202288	5.140409	8.946009	12.205693	3.013469	11.119114
8.62963	4.811924	13.206468	10.888889	10.678555	2.078788	0.539915	2.701463	12.969213	3.168734	10.422993	10.545281	9.237006	0.121141
8.297819	9.613158	7.262708	10.888889	0.858618	9.441482	6.019115	4.830781	8.580535	2.661686	7.046779	7.139147	9.237143	8.122139
10.364054	7.928635	9.959008	10.888889	2.710939	7.408278	1.837914	4.172396	5.744976	10.746544	4.827343	9.064504	3.29856	11.04796
6.550876	5.498488	5.162334	10.888889	0.989266	10.415538	9.004065	2.141248	10.610154	2.150045	8.323617	11.695447	11.779116	4.790917
9.382995	12.024747	9.50477	10.888889	1.918679	2.403599	3.428681	9.52503	2.851833	13.972786	8.135951	7.410405	6.892192	1.659443
2.152492	4.894296	2.17313	20.777778	5.138471	2.858434	13.839178	1.272202	12.237099	10.782799	2.845213	2.622204	13.964059	4.442645
9.052638	9.128326	9.292638	20.777778	3.937565	2.935527	9.163592	5.021423	5.023268	8.326589	5.340369	2.880722	7.063101	2.056463
7.333182	5.462233	7.821397	20.777778	5.521919	6.221361	4.101371	8.807681	5.415921	11.734228	6.477876	0.796448	6.043358	3.485247
7.83099	0.450249	6.728166	20.777778	8.149969	5.474916	1.226189	7.426259	6.183361	6.862671	3.590382	10.440971	11.128252	3.729845
10.893329	4.104358	9.971936	20.777778	1.695207	0.038156	7.46659	10.436965	5.876117	0.77275	8.15856	2.011382	9.418709	8.378163
5.862658	7.553989	8.432324	30.666667	6.256402	7.215891	5.767431	4.081329	3.856411	4.680635	6.356355	4.748335	1.842264	2.67931
0.459048	7.801919	9.766284	30.666667	10.057351	7.115599	9.947951	2.120911	2.200086	5.27037	2.329337	6.406804	4.097186	1.760487
6.906825	1.075958	3.229788	30.666667	9.992166	3.185179	4.520635	9.399797	0.302963	4.828748	2.961274	11.215289	1.330565	10.384147
6.292227	7.01198	0.43327	30.666667	6.813519	7.212084	6.129075	4.262168	2.785913	2.734176	7.612105	3.706228	7.710763	6.629825
8.308105	3.19768	6.194043	30.666667	0.833983	5.415759	6.780906	6.644004	7.49622	3.763631	4.16263	8.15824	1.503015	6.875118
1.381098	8.640826	0.702813	40.555556	9.50773	4.287649	6.540696	8.795848	0.615189	0.934251	5.620598	3.251662	6.525925	2.640162
1.432477	0.83741	9.876729	40.555556	2.208586	4.541149	4.029147	8.398614	4.907049	2.787851	7.726807	8.948113	3.395806	0.354707
1.85594	1.044329	7.349543	40.555556	4.213327	6.697466	2.820619	2.765343	4.701073	5.239005	7.215291	7.65508	7.696433	0.190995
1.208093	5.182672	6.182281	40.555556	3.010686	3.357325	6.852308	7.908149	1.961186	2.168875	3.382768	3.948115	6.75787	7.524116
4.922773	6.046469	0.198944	40.555556	1.356577	3.422148	5.794422	3.05732	4.262365	5.864223	7.067703	3.514038	8.313605	5.623857
1.946541	6.084909	3.408514	50.444444	5.867997	4.498775	5.097574	2.604045	5.040261	1.596033	4.905997	0.041111	2.110141	6.353658
0.508229	6.388206	2.115011	50.444444	2.814242	6.125541	4.023191	7.376014	1.686859	3.892807	0.28139	6.096582	3.206455	5.041027
5.867487	3.041827	6.799479	50.444444	3.663896	1.936214	3.119894	3.542494	1.606549	5.303636	1.939726	2.406967	4.117956	6.209432
3.584251	5.528587	2.083419	50.444444	5.141657	0.328492	5.021569	5.770933	6.731653	6.070208	3.796914	1.899116	2.352484	1.246273
5.004133	3.334041	6.601333	50.444444	3.007802	4.994738	2.587759	4.308776	3.924711	0.529849	3.061399	4.551365	6.501318	1.148331
3.133058	1.865462	3.234413	60.333333	2.423632	3.748905	7.155363	4.070966	2.7875	0.46199	1.613849	4.325248	4.330442	0.515837
5.530492	1.096515	5.398816	60.333333	2.900068	4.642124	0.87941	3.550353	2.969367	1.060121	0.519628	2.092304	4.889395	4.138072
3.612349	4.446538	2.85761	60.333333	3.744737	5.300654	1.529057	0.616133	1.026343	2.808652	4.367097	1.987262	2.957197	4.413037
4.459911	0.840908	0.936379	60.333333	0.44773	2.449822	4.982143	7.010434	2.40186	0.30267	1.07138	6.381372	1.473473	6.908583
0.719278	0.991355	1.670629	60.333333	5.700728	0.285836	3.074727	3.446833	4.748736	4.397483	3.277933	4.78026	4.210466	2.362402
1.234784	1.302374	5.758909	70.222222	0.336428	0.899308	5.443978	2.576632	1.960312	0.637046	0.660433	1.993014	5.856465	1.118094
1.842169	1.853679	0.950752	70.222222	0.940411	3.283624	2.10287	2.372524	2.874254	1.178817	3.000331	3.512675	2.585917	3.279754
3.442599	0.721375	0.533153	70.222222	2.575391	1.077233	3.189618	2.739852	1.985555	3.837716	4.136004	4.313271	0.244127	0.981883
0.111064	3.75827	2.043838	70.222222	2.478873	3.241846	1.867316	4.490623	2.068787	1.792688	5.029925	0.867732	0.423572	1.603243
2.817457	4.339068	3.155316	70.222222	1.311919	0.287622	3.384264	2.692155	2.302933	3.264421	1.010072	3.138444	0.30179	1.772316
1.420146	1.184674	2.726285	80.111111	1.691095	0.751003	0.877253	1.830377	3.057701	2.997415	0.696425	0.041152	1.571903	1.04346
2.774284	0.687267	2.892053	80.111111	2.008256	2.251078	1.265945	1.388923	0.406148	1.526553	1.200682	1.957819	0.78276	0.747121
2.328566	2.510691	1.352993	80.111111	1.602147	1.478418	0.779261	0.328495	1.270634	1.594161	1.690885	1.740596	1.921636	1.290405
0.144065	3.318767	1.611381	80.111111	0.369772	1.399024	2.005333	1.269036	1.224855	1.102612	2.876046	1.265785	0.602437	2.699778
0.824967	2.571276	1.808899	80.111111	1.073734	0.9058	2.104674	1.209351	0.261551	1.230017	1.849492	2.01329	2.719339	1.316499
1.044599	1.134282	1.079108	90.0	0.984956	0.563242	0.572845	0.362082	1.361913	0.908332	0.470514	0.386656	0.519861	0.611609
1.063993	1.301927	0.892769	90.0	0.83621	1.241653	0.692306	0.851788	0.662128	0.402243	0.301563	1.115352	0.330665	0.307403
0.56563	1.288876	0.676851	90.0	0.744807	0.040095	1.012568	0.587114	1.123494	0.92672	1.007313	0.741343	0.850014	0.435176
1.031834	0.913804	0.784034	90.0	1.297998	0.81081	0.091578	0.602187	0.958308	1.099673	0.2506	1.000958	0.74471	0.413507
1.116342	1.117076	0.117997	90.0	1.423055	0.628149	1.377595	0.404903	0.427251	1.056687	0.577262	0.197325	0.645623	0.910735
3.94314	3.161597	7.090471	2.680371	1.0	3.092181	13.468014	9.202819	16.057396	4.671919	4.73714	4.379595	17.00156	9.513795
11.333652	2.751933	1.211285	0.754554	1.0	15.716869	12.019135	3.693274	3.156085	1.80145	9.878614	14.43387	8.401798	13.84748
2.001402	12.395417	1.525329	19.343143	1.0	1.747925	9.912696	16.457675	11.50989	1.309058	2.46518	10.700816	5.583052	4.048417
10.903888	7.054062	0.817349	8.792623	1.0	0.618128	8.885147	11.074591	8.838046	4.337335	11.934678	13.000296	9.893652	2.850205
6.410872	6.727471	4.302384	9.0075	1.0	7.644771	2.063466	0.581614	12.17991	8.245729	4.334273	15.125932	14.04743	8.328648
5.909853	3.078251	9.906386	4.861612	10.888889	8.453777	10.592607	2.788026	7.346079	10.909572	7.396465	4.326068	9.816748	3.725668
10.228083	16.235588	5.402895	15.040174	10.888889	1.657356	13.671795	0.650148	0.843657	3.26376	7.945117	11.773739	1.331045	1.067756
2.542031	7.578071	10.590208	6.27165	10.888889	8.166079	11.654662	7.548345	10.83106	6.297854	9.722728	2.052809	3.529519	2.326095
12.903852	5.344259	2.719136	12.197854	10.888889	8.684694	10.709182	7.680382	2.216053	10.54061	5.457425	2.56492	0.24321	7.849534
3.606502	0.337409	11.229637	1.854459	10.888889	8.813022	7.083637	11.55417	1.523327	4.483535	13.708012	9.514519	13.367195	2.035688
10.378661	7.1501	2.530653	2.864131	20.777778	5.805333	7.498634	3.278677	6.402558	5.946237	3.381482	7.937096	7.3083	8.740359
9.497438	12.174322	2.171341	0.525215	20.777778	10.853244	11.63108	8.56217	3.274001	1.132959	7.013799	5.172124	4.193834	3.020696
5.959466	13.278169	10.34187	13.451209	20.777778	1.496794	6.040659	10.85458	1.655558	0.30036	1.39327	8.275921	2.68501	3.489356
8.321881	9.164157	9.067379	8.923027	20.777778	6.954811	1.321551	11.247761	5.277197	2.074971	8.633268	0.007506	7.093487	1.135226
4.954806	9.826144	5.767887	2.365973	20.777778	5.056821	5.855117	0.367793	9.298057	5.438794	8.748968	10.062131	1.527281	9.952451
10.580615	9.857521	7.000328	0.205266	30.666667	0.639587	9.059571	3.775399	5.987983	9.794702	3.5275	1.372923	3.42324	4.108698
2.599463	5.257375	9.256703	7.252613	30.666667	2.214941	10.588243	6.885309	2.2079	1.826391	0.295906	4.854096	9.197076	6.897317
3.119925	4.884287	5.003489	6.3344	30.666667	2.211719	7.221844	2.095958	5.171295	6.650734	5.418061	7.241644	7.498519	6.481459
5.904924	1.477125	7.870836	8.945175	30.666667	7.582906	1.479391	1.919074	3.782963	4.832921	8.238031	8.686217	4.688537	3.925233
4.761961	7.094982	5.905575	7.740529	30.666667	3.203805	5.419938	1.301057	10.855322	4.608518	8.492268	3.941846	2.039367	3.968163
0.32499	1.788136	7.956202	5.726619	40.555556	8.369792	2.923688	3.445287	1.458588	0.180594	3.907806	5.872831	8.761233	8.728679
7.840481	2.842206	5.528662	6.57879	40.555556	9.057215	6.557249	2.650655	0.828328	6.666445	9.070887	1.26369	0.347447	0.21239
1.640959	2.829597	5.053931	0.454033	40.555556	11.175007	7.50349	2.894881	1.735509	0.028429	5.382091	3.662808	7.025452	10.058257
2.245418	3.792017	1.806228	6.998202	40.555556	3.514383	6.956567	2.821869	4.189165	6.09343	3.263875	6.545023	4.689632	6.528637
7.944642	6.721993	8.378167	5.761228	40.555556	3.353743	0.179358	0.64773	8.950513	0.971868	9.701478	1.504716	2.538634	2.790375
4.975595	5.34132	2.6205	4.755691	50.444444	5.352195	5.458922	1.321175	5.632121	1.579026	6.503146	1.566193	3.253497	1.196175
3.891123	2.692765	5.709936	1.977513	50.444444	4.065643	3.453622	2.595224	5.652106	0.361815	5.576225	5.286135	2.469817	5.82363
5.145739	4.613999	5.351399	0.990125	50.444444	2.350085	1.781299	4.265883	6.10698	5.715359	0.971612	3.112861	3.661718	5.488496
4.989672	0.364983	5.321697	1.134182	50.444444	2.127368	1.21671	4.512132	3.753177	6.55386	6.530299	5.047329	6.438015	1.56613
3.498247	3.838595	0.126497	8.390401	50.444444	6.449479	2.794335	0.688488	5.1911	7.81426	2.942282	1.953317	1.713222	4.15533
4.392536	2.022192	2.657977	2.826958	60.333333	5.248912	3.552216	2.938718	2.947942	1.499498	4.698437	1.530707	3.992175	1.358399
2.627375	3.464727	5.424724	5.392107	60.333333	3.141846	4.946351	3.527533	1.350492	4.786855	4.251834	0.014358	0.443903	0.294562
3.984143	1.866404	2.419612	4.725157	60.333333	3.665246	5.517335	3.588939	0.470638	1.022507	5.089435	4.448378	1.690135	1.178739
1.286108	4.989895	0.388481	2.569813	60.333333	3.08979	4.939571	4.451752	3.49768	4.635737	3.541153	2.733475	2.088992	1.45422
0.518335	2.821225	6.551138	4.837456	60.333333	4.85723	5.07854	2.461525	1.038896	2.787561	5.026043	2.728016	0.900812	0.059891
1.802715	4.386954	3.60397	0.423337	70.222222	4.846547	3.080774	1.417766	1.166354	0.970067	4.532752	0.551209	2.065205	0.930126
0.412494	1.658167	5.693166	2.576197	70.222222	1.187298	4.978541	0.329716	1.647223	3.459226	3.950992	1.508667	0.715883	1.660209
0.867212	2.41973	2.262868	2.753273	70.222222	1.368785	2.076289	0.126769	1.667968	4.095977	3.02065	2.955835	3.180518	2.981902
0.238224	1.735145	1.832009	5.247678	70.222222	3.154681	1.040861	1.140435	0.739404	0.497108	2.756593	4.440133	3.730697	3.22481
0.760399	3.170188	2.852499	3.198709	70.222222	3.231005	1.282263	2.888282	1.986118	1.762107	3.134135	0.699953	0.385578	4.42654
1.369321	0.490934	1.092353	1.145935	80.111111	2.761766	1.12005	1.814181	2.865958	0.247697	2.233854	1.917869	1.927164	0.901807
1.495074	1.090596	2.497748	1.784972	80.111111	0.194957	0.171746	1.691347	0.891007	2.210924	2.426363	1.800614	1.33745	2.296092
2.859727	2.882038	0.465212	0.503906	80.111111	1.088077	1.609562	1.307029	0.348536	0.623846	2.556517	1.18646	2.806186	1.651793
1.463522	2.370261	0.6751	1.995821	80.111111	2.533399	0.287138	0.315196	0.956788	1.306332	2.220142	1.539623	2.036022	2.189543
0.565878	0.963049	0.465331	1.266795	80.111111	2.056224	1.630493	2.98416	1.558312	3.20101	0.350031	2.617281	0.801401	1.428923
1.275996	0.604681	0.406404	1.059998	90.0	0.993714	0.043039	1.269159	0.066908	0.595592	0.016179	0.872533	1.234012	1.561785
0.182171	0.041954	0.396715	1.375405	90.0	1.13301	0.419397	0.841216	1.273066	0.392613	1.374781	1.356169	0.154923	1.058582
0.973589	0.976524	0.771436	0.391547	90.0	0.767402	1.229921	0.672782	1.312292	0.270986	0.381288	0.785626	0.758743	0.707865
0.155531	1.852665	0.48885	0.910467	90.0	0.081797	2.073267	0.548476	0.217707	0.737156	0.747001	0.385612	0.916798	0.884673
0.156796	0.501665	0.590511	1.381333	90.0	1.30308	1.336537	1.180655	0.257202	0.242199	0.349799	1.364209	0.902645	0.433369
12.032927	8.439755	8.500524	10.003757	11.933414	1.0	6.072328	6.577349	1.181609	7.15811	11.358527	6.17711	0.958275	8.606316
0.883662	10.498395	13.076086	6.879436	7.508372	1.0	15.962858	2.616319	2.91177	9.315208	4.162994	4.558211	15.723633	4.903057
12.345769	1.500626	3.804601	2.068646	2.089159	1.0	10.632503	9.639416	10.944963	13.232302	4.54601	3.568809	9.337009	15.290189
7.463932	4.403093	4.213829	4.231284	13.122743	1.0	10.923213	15.781672	6.700912	11.153451	1.473569	14.445888	1.895321	3.191094
10.083735	6.345187	0.043945	10.263278	11.385442	1.0	2.099174	2.276132	7.991171	4.890802	12.814477	12.871869	8.730038	9.204749
2.141523	5.911054	5.504407	7.88985	8.140522	10.888889	9.881549	11.491362	6.249793	9.42906	2.462899	10.299514	9.16958	0.539999
15.76277	3.751921	15.474801	1.672221	8.296905	10.888889	10.291455	5.231356	14.180894	5.388516	1.580101	2.360237	0.816816	4.30312
8.457143	6.111632	1.839523	1.895801	9.230215	10.888889	3.288989	3.575472	7.904399	11.649669	5.738751	10.467738	8.253418	10.698362
5.697568	1.499528	0.047327	7.111917	8.718027	10.888889	2.119003	12.246823	11.043034	5.399263	11.125511	12.979395	5.026778	6.096938
4.248606	8.987982	8.048525	6.13986	0.580208	10.888889	3.299489	6.630031	5.124994	8.435911	11.119623	7.145822	8.969922	10.380139
10.135119	0.285335	2.795129	9.15344	3.418181	20.777778	3.867321	6.495431	12.090979	12.139623	11.132024	2.925092	0.435058	4.34949
1.372005	5.19973	1.708905	10.161644	10.473952	20.777778	6.055383	8.769184	8.317056	1.392991	4.934955	0.205377	10.351995	10.279046
2.157632	3.399252	5.419694	3.136161	11.432319	20.777778	7.011355	8.786489	3.411416	6.723814	5.055508	10.087634	3.057423	9.543525
2.121836	2.312522	9.878709	4.886435	11.571592	20.777778	8.894787	6.64649	5.666984	2.460195	6.018134	6.749253	9.438187	2.577098
5.990069	9.246614	3.260638	3.421008	4.916062	20.777778	7.036152	0.179347	5.464796	12.474215	3.004252	11.699638	3.317049	9.212382
1.473884	8.483214	4.702986	5.764018	6.14318	30.666667	1.881058	4.97266	4.793121	6.818931	3.532823	8.050184	4.277005	8.440269
8.11481	9.400235	5.077418	9.784019	0.146356	30.666667	0.442255	10.293791	9.555592	0.502391	9.031558	3.190413	0.585463	3.20903
8.394196	6.217665	2.600551	6.976152	6.186186	30.666667	0.981672	3.255949	2.78296	4.140938	9.18112	8.128542	1.123228	9.364172
8.240064	4.486783	2.416233	6.808407	7.417288	30.666667	6.334717	7.172672	0.886665	5.003005	4.446033	8.155046	3.978431	3.987989
1.398379	6.395961	4.552694	5.082686	7.09346	30.666667	9.356021	2.906729	5.625325	7.574823	1.791917	0.517842	6.994007	10.043488
0.845731	6.411347	4.167026	5.843242	5.202238	40.555556	1.80599	3.478341	5.769492	5.428919	0.582227	6.489863	6.159475	7.260552
6.180372	6.476239	1.108192	1.050459	1.280439	40.555556	10.937859	0.410738	3.913791	6.805109	5.392423	3.281302	2.695248	9.912273
4.309904	3.133446	2.657621	5.218129	3.556098	40.555556	0.975096	0.332093	9.005858	3.08454	9.023628	8.582432	8.208036	1.357563
6.599399	7.645776	2.217797	0.029355	5.049971	40.555556	6.339261	1.208167	7.805196	3.448362	1.444269	8.230916	7.670521	1.755454
8.332972	5.772394	1.355622	5.105405	0.602864	40.555556	3.031069	3.298433	0.459975	7.828339	8.911808	3.573345	2.955529	8.21669
5.15992	4.611644	0.709888	0.793812	4.475788	50.444444	4.421718	3.265865	3.869463	4.982601	4.831112	3.944939	5.498312	2.990494
2.397352	0.3032	4.011051	2.793932	6.779171	50.444444	2.573145	4.723183	1.644238	3.2322	5.083414	5.948654	6.57092	3.495094
3.61679	3.511269	3.048992	3.659065	0.588618	50.444444	4.814038	6.484606	0.457604	5.686063	7.909224	0.849452	4.860547	4.069289
0.95443	3.987713	0.424033	4.731517	6.039636	50.444444	4.665348	4.67195	5.578905	1.353319	4.349385	4.334174	5.368108	3.097037
5.43853	3.677756	1.048691	5.78869	1.373244	50.444444	3.03152	5.952057	5.102594	2.982119	0.389403	6.669094	2.783398	5.318461
3.159937	1.914566	5.143093	5.055235	1.199674	60.333333	5.218562	1.2676	5.568255	2.007461	4.248932	0.499892	0.965368	3.41809
4.31669	2.91347	0.35516	2.259946	5.071419	60.333333	4.869509	2.147168	4.113642	3.500896	0.834371	2.119471	3.176492	3.98843
3.392172	4.414583	3.072449	1.839101	3.826618	60.333333	4.808713	0.554975	0.627814	1.683295	5.919716	2.010975	2.684186	4.832069
5.627629	2.516005	6.696079	3.965409	4.883264	60.333333	0.063705	1.800183	1.176826	4.497865	0.311639	1.428719	4.700019	1.999326
0.542019	1.457618	4.93909	1.418672	3.722469	60.333333	5.325885	0.829265	3.870098	2.344408	5.191001	6.188696	0.955511	2.881933
1.470908	2.21767	0.619782	3.963104	2.508243	70.222222	2.939202	1.432185	2.517523	2.400352	3.723417	1.955986	1.988073	2.041333
2.490665	1.602583	0.728798	2.082479	0.559935	70.222222	2.574913	3.901809	3.648823	1.123239	3.538657	4.079344	2.470834	0.975698
2.115111	1.819293	0.342875	2.79324	2.946841	70.222222	3.263029	2.170623	3.845511	3.537123	0.328666	1.814807	2.790526	2.010134
4.24278	4.108841	0.261991	3.423039	1.348819	70.222222	2.271141	4.506221	1.838257	1.345587	0.835693	1.366896	3.987438	0.241076
1.075527	2.680267	2.482294	3.493031	0.49771	70.222222	3.266251	3.182248	1.940681	2.048384	1.452956	2.53777	3.081917	2.038742
0.185778	1.578858	1.061578	1.815973	2.535852	80.111111	1.353505	2.379229	2.731363	1.53468	0.610418	2.797635	0.140095	1.163925
1.073363	1.390776	0.849881	1.835252	0.605916	80.111111	0.000291	2.323731	1.076306	2.096707	2.672134	0.465786	2.594952	2.903793
2.611081	1.647329	0.717045	2.655578	0.645683	80.111111	2.240487	1.022774	1.140879	2.586966	1.750263	1.317172	1.033864	0.519766
1.402076	1.743923	0.318271	2.47594	2.102302	80.111111	2.343031	1.95832	0.623225	1.602536	1.71354	1.282982	1.768582	0.55416
0.763898	1.369131	2.83884	0.560915	1.301641	80.111111	0.455894	2.07251	2.805249	1.220225	2.186022	1.165938	1.652819	1.495806
0.858634	0.849418	0.553329	0.73426	0.56231	90.0	0.112384	0.354747	1.173282	1.438996	0.253323	1.188258	1.114708	0.806351
0.0594	1.394531	1.060101	0.793378	0.997214	90.0	0.501712	0.38281	1.010681	0.582252	0.79153	0.922505	1.115112	0.388775
0.651726	0.273579	0.557331	0.868269	0.894276	90.0	1.471381	1.011732	1.03869	0.367479	0.132799	0.757152	1.261986	0.713599
0.967501	0.311456	0.935163	0.733342	0.998677	90.0	1.313745	0.926867	0.94915	0.540314	0.912123	0.955516	0.230481	0.225665
0.715054	0.625025	0.465938	0.078696	1.002836	90.0	1.348052	0.919525	1.024424	0.62242	0.792273	0.544037	1.296782	0.564938
13.458889	5.224412	5.78719	11.57491	11.415694	2.490757	1.0	2.990081	2.626577	4.156315	13.623489	11.167708	7.832729	6.651249
9.417131	10.007034	9.02541	14.504394	9.223341	0.175766	1.0	0.767029	2.984286	8.281125	6.94554	12.211848	7.288417	8.16868
2.447785	4.38784	3.226432	4.823943	7.605816	7.902037	1.0	7.567043	9.393697	5.214373	10.735132	4.98585	14.005896	16.704157
8.992592	14.237932	3.965972	6.073723	4.704498	2.871249	1.0	12.733162	0.84755	15.023404	5.075672	7.713453	12.405	4.355794
10.189012	5.118014	12.674008	12.692726	10.7194	2.430385	1.0	10.318006	4.478284	4.774892	3.191736	5.219592	12.512922	4.681024
5.942998	0.486423	5.935483	11.451935	13.332411	2.415897	10.888889	3.864812	11.704514	8.72172	9.627102	1.290229	2.774659	11.56293
1.065426	9.860702	5.78971	7.97524	1.244864	9.051062	10.888889	6.415182	6.845263	4.327949	4.71486	12.788795	7.191425	11.840631
2.101186	5.299976	13.267994	14.580201	14.643976	3.718497	10.888889	3.926581	3.837602	0.717089	5.404928	13.993542	3.251611	4.367926
12.029356	7.010566	9.204572	10.10406	11.298338	1.472125	10.888889	5.053517	4.702095	5.365128	2.093602	12.865788	5.160143	2.751823
2.672997	7.767264	10.837064	4.373583	1.813494	6.189541	10.888889	6.66333	7.851581	6.788498	11.233705	3.216449	11.3712	8.332403
1.951671	4.120766	7.03042	8.604204	8.69523	0.4869	20.777778	10.772475	3.498511	6.121066	10.511985	0.302487	4.680377	12.446129
10.358095	2.214479	4.940075	10.107306	3.539739	3.506609	20.777778	5.58458	0.022943	10.367208	13.673728	8.543784	0.797062	5.566614
6.227614	0.823878	6.49698	7.001091	8.82609	0.749247	20.777778	7.845149	10.123138	4.565154	9.530757	2.707638	10.331169	3.994316
6.217081	9.968907	3.787337	9.541186	8.756018	8.743845	20.777778	7.769961	5.133372	1.267783	8.011398	1.971408	0.228025	7.825901
12.685426	0.390854	12.797471	2.010171	1.354294	0.731571	20.777778	12.615814	8.354394	0.495792	9.659797	3.804499	4.897291	9.424848
8.318265	5.867895	3.67753	1.92807	5.463853	3.976367	30.666667	0.210632	0.009567	6.04994	9.558191	9.702098	7.18712	7.383808
6.116253	5.138622	0.711407	3.307503	7.264085	5.030032	30.666667	5.032006	7.382776	8.318375	3.630295	6.803466	6.817725	3.780789
4.057547	4.366197	1.362904	0.944648	8.383837	1.286244	30.666667	12.699571	0.108184	12.521882	4.102603	4.924403	13.155106	1.420207
