CD4	CD8	nB	NK	Mn	mNeu	m8	DC	Eo	Tr	m4	Mg	Er	mB
2.834402	11.115884	1.784753	12.381347	8.917982	9.623802	10.166012	1.0	7.732592	7.603075	2.500467	4.619019	11.088917	8.63175
4.017854	12.117093	13.078839	5.484934	11.018288	0.425759	0.513137	1.0	4.513875	14.18267	6.689325	9.844023	5.322321	11.791883
11.31103	3.836183	3.239551	5.562265	5.939593	10.762512	14.402757	1.0	9.147577	12.006805	6.401796	3.103193	0.192275	13.094461
0.365191	10.43903	12.689161	1.011482	1.430187	11.434043	10.355339	1.0	11.210709	9.869485	11.56259	8.326897	1.193448	9.112436
13.581608	5.336414	4.062675	6.404093	3.368814	8.671204	12.976855	1.0	14.674939	6.08154	4.39138	0.882444	10.453504	8.114529
9.339142	7.942534	4.042964	7.080024	7.386054	5.461296	8.067577	10.888889	2.253622	7.517446	5.452271	11.435802	4.805787	8.326591
6.052973	0.682145	3.719306	2.315267	11.250505	11.295768	11.61463	10.888889	6.528043	11.716145	4.701245	5.848761	0.792634	12.593689
7.215653	2.46811	9.853799	10.277811	13.692415	6.387311	2.048078	10.888889	8.2674	13.284256	7.504592	4.450919	0.419122	3.241644
5.317708	15.628596	8.41056	3.969195	7.165441	0.585139	4.652294	10.888889	7.277397	8.35497	7.990833	11.850795	1.174527	6.733656
0.597029	9.996966	2.616545	0.50739	8.630273	3.240386	5.046084	10.888889	7.924501	12.744296	2.492951	13.666829	6.975665	14.672196
5.32492	10.279192	0.144355	2.536582	10.994103	11.897884	0.193117	20.777778	7.881816	1.31237	7.203612	10.635401	3.441572	7.377298
6.959492	7.038377	6.259468	7.218576	7.096733	8.779244	7.824279	20.777778	1.958392	3.472134	6.78437	7.143026	5.361018	3.327115
11.057021	5.291398	3.767247	2.955551	1.706092	4.963582	5.063394	20.777778	3.479283	4.31621	10.677805	11.100328	3.78327	11.061042
10.232777	3.597911	7.006546	1.965451	2.664579	5.557477	4.563653	20.777778	8.096595	4.880074	0.57091	9.352548	11.185883	9.547817
4.834812	6.314181	9.556939	2.647773	8.757034	6.871824	8.008715	20.777778	5.83211	4.071987	3.105305	2.216684	11.650707	5.35415
11.255596	9.022789	4.128882	11.016267	6.208891	1.914048	0.691584	30.666667	8.236127	4.359545	1.329449	7.825289	0.358373	2.986494
11.808551	8.21734	0.246785	0.390434	0.130036	10.297147	0.779104	30.666667	7.687433	4.588301	5.105913	2.813747	6.296655	10.971889
4.823679	8.872397	5.308015	4.277267	3.648444	9.774566	0.121668	30.666667	9.412883	1.617466	6.264366	6.2202	7.313091	1.679292
1.040901	3.92779	0.560472	2.628002	0.016602	5.184521	11.210881	30.666667	5.945554	3.546548	9.349507	14.620895	10.596134	0.705526
10.766938	11.883826	0.631693	0.05197	3.391457	8.636317	0.051369	30.666667	2.548116	2.741014	3.586344	11.506592	5.914648	7.623049
5.676231	5.383571	2.404072	6.459711	4.822903	4.100017	5.395404	40.555556	5.987481	0.106508	1.854472	6.592871	6.610589	4.050616
7.706196	4.693646	6.492024	2.762515	1.773981	2.494473	8.37892	40.555556	1.149467	6.264891	1.799848	5.74141	2.665149	7.521922
3.80609	4.022811	2.446917	1.898528	7.166057	4.68183	7.533964	40.555556	3.014918	4.520591	2.631492	7.268012	3.027919	7.425317
5.181305	8.831263	2.568634	0.051644	8.051604	3.465994	4.989114	40.555556	8.685822	0.662933	1.359769	2.379887	6.112174	7.104301
4.889642	3.945424	1.63787	7.354204	4.947762	3.483344	0.543241	40.555556	4.75277	7.627913	6.039686	1.628939	6.086525	6.507126
5.514972	4.172485	2.941931	6.435465	3.225619	4.239644	4.822717	50.444444	0.347634	1.337563	6.551501	3.636753	2.575432	3.753839
5.674693	6.088343	1.98938	7.031972	4.016657	0.956512	4.567825	50.444444	2.359277	6.618039	2.6292	0.870961	4.620478	2.13222
5.026767	4.19237	0.106762	6.462338	0.320126	1.206384	5.414042	50.444444	3.186097	4.176836	4.52783	1.323823	7.349953	6.262226
2.916604	4.424001	2.258435	4.178914	6.670531	0.320962	3.041224	50.444444	5.95401	2.495959	5.210298	5.73784	2.132432	4.214347
7.226057	1.768256	2.557228	0.444699	8.166108	2.032697	3.587239	50.444444	6.215233	6.539345	4.336185	1.870628	4.748655	0.063225
5.698224	0.519424	4.666932	0.921245	1.930505	3.163157	4.228616	60.333333	4.93689	0.789059	1.494365	0.886356	5.401961	5.029934
1.403876	1.411636	3.222169	5.556709	5.106853	1.151793	5.418732	60.333333	3.614754	1.004814	2.245473	0.147477	4.473796	4.908585
3.303146	3.737178	2.23476	4.45607	5.083953	2.774781	3.363564	60.333333	2.413721	1.500041	0.472545	1.946647	5.030659	3.349602
0.428394	5.125275	1.285982	1.122629	5.042506	3.428559	1.397645	60.333333	6.106955	3.774903	1.523977	5.452331	2.663332	2.314179
1.268034	5.141277	4.032396	2.363865	2.514357	2.464424	2.87087	60.333333	5.659878	4.981186	2.866098	3.643149	0.82692	1.034212
2.191823	0.47483	2.206958	1.35758	3.303762	1.383104	2.428301	70.222222	0.330681	5.611763	2.455453	4.63576	0.588736	2.809027
2.697903	3.824481	1.948237	0.371237	0.744113	1.963421	1.406864	70.222222	4.18881	0.039368	2.491259	4.559503	4.371494	1.17109
1.993458	1.990048	0.806139	3.815659	1.801718	4.210408	3.170646	70.222222	0.649777	0.201104	4.418956	1.746889	2.353343	2.619632
2.711458	2.650879	2.613505	1.781593	3.230134	3.275571	0.700446	70.222222	2.798982	2.757215	1.94362	1.128308	2.01343	2.172636
2.949855	2.727129	2.858397	2.549863	2.003407	3.321826	4.750239	70.222222	0.388019	1.034312	1.229854	4.872364	0.535883	0.55663
0.404243	2.814058	2.431643	2.187916	1.084783	2.385713	0.847016	80.111111	1.099172	2.809941	1.106174	0.4524	1.606255	0.659576
0.174109	1.322899	0.267771	2.455177	1.930762	1.645412	3.777403	80.111111	1.541891	0.378737	1.123922	0.617385	1.860347	2.793075
1.86762	3.403438	2.472152	2.691286	0.233537	0.078482	1.363362	80.111111	0.994645	1.802366	1.054851	1.099798	0.238618	2.588734
1.692273	1.702254	1.55549	2.002945	2.599064	1.148894	2.591435	80.111111	1.701636	1.328827	1.144088	0.908335	0.061538	1.452109
1.560073	0.142999	0.703353	0.262028	1.334121	0.507395	1.805754	80.111111	1.843531	3.122707	2.213871	3.587584	0.600015	2.205457
1.45628	1.204316	0.318408	0.65744	0.0934	1.170901	0.399253	90.0	1.109876	0.339067	0.140548	1.271034	1.022409	0.817068
0.836547	0.275908	0.41027	1.165721	0.902845	1.148013	0.236877	90.0	0.527581	0.715881	0.46749	1.4227	0.392231	1.497936
1.12131	1.040554	0.770702	1.047882	0.727682	1.208257	0.151665	90.0	0.408695	0.411512	1.156863	1.1811	0.283869	0.489908
0.630385	1.586098	1.095775	0.049292	1.012415	1.239731	0.154154	90.0	0.304222	1.096646	1.346573	0.697349	0.64687	0.140488
0.11502	0.31463	0.714475	1.58377	0.572975	0.762354	1.333104	90.0	0.581139	0.700801	0.977667	1.036091	1.20951	0.098465
