CD4	CD8	nB	NK	Mn	mNeu	m8	DC	Eo	Tr	m4	Mg	Er	mB
0.061656	9.00847	6.867616	13.618658	8.882726	8.812095	3.249379	12.778316	12.705011	11.174954	0.001	3.966024	6.650235	2.22386
12.822688	5.082205	13.079351	6.053281	12.446847	7.024166	9.09195	10.804576	0.336842	4.767275	0.001	6.783086	8.643116	3.063619
15.444032	0.409744	9.147935	12.268943	10.460247	3.988947	9.973658	8.689068	11.736618	3.092361	0.001	4.605404	2.020545	8.161498
12.286817	7.028918	15.96572	2.564319	4.00673	9.791036	2.390962	3.588861	10.166379	5.157391	0.001	14.425422	4.185253	8.441191
9.375092	4.393401	3.504875	5.497305	6.752292	8.82741	9.442228	7.098082	6.528917	10.623841	0.001	7.441551	11.567063	8.946944
10.179423	1.570261	9.245989	7.01333	10.864737	9.150368	8.830859	7.192143	8.199228	7.62838	0.001	5.650948	3.357911	11.115424
3.05482	4.036134	7.368971	8.033631	12.504448	10.559443	7.632888	9.203602	1.095202	12.660588	0.001	1.942499	10.351641	11.555131
10.034722	11.047657	8.128925	5.328616	7.833516	9.755999	3.527301	8.887303	4.918825	8.535707	0.001	1.751992	8.848751	11.399687
13.059461	6.686755	1.068558	11.872715	11.136324	7.516905	3.904371	13.143174	4.914076	12.177305	0.001	5.128552	3.131884	6.25892
10.572764	10.70825	4.492627	1.183875	5.67067	10.780917	4.169598	13.767908	5.227042	3.769787	0.001	9.032899	11.63424	8.988424
2.220505	15.906007	10.242255	8.531753	16.403877	4.970704	6.352318	14.267117	2.185535	3.499632	0.417625	4.510458	6.920078	3.572136
10.074493	12.160486	3.219428	13.667735	9.260938	14.282493	4.151265	2.532082	7.861457	7.397263	0.417625	10.729791	3.517851	0.727094
13.505085	9.559847	8.873757	15.304439	3.518331	15.067359	3.143097	0.802158	3.271674	11.024857	0.417625	0.452754	12.373773	2.685243
19.20118	1.982377	5.139278	12.863735	2.850888	10.646037	1.622544	0.84713	8.288641	17.345674	0.417625	9.484102	2.19229	7.118501
6.172012	3.599698	8.093533	7.219239	0.550278	14.312645	7.075477	11.196669	10.675825	0.894257	0.417625	11.374706	15.491718	2.926319
12.231453	12.559831	1.104497	5.022656	14.955763	5.302292	4.518415	14.24684	4.624751	2.747877	0.417625	2.786063	15.324263	4.157674
14.507002	2.04012	1.323839	8.988019	13.718445	1.121254	3.225663	7.883549	11.719006	9.665192	0.417625	0.624445	10.013131	14.752709
2.623291	3.39156	23.990696	9.841462	11.133079	5.989981	11.916008	1.514573	15.465155	9.398359	0.417625	0.307853	3.586513	0.423845
14.732815	10.560152	5.48201	1.936061	1.087128	13.203433	5.057379	10.588165	1.309819	7.103894	0.417625	8.898456	10.948251	8.674812
0.208853	9.129597	1.07646	8.298877	12.668271	9.411426	12.992837	0.222662	12.703358	14.444437	0.417625	2.330497	9.153025	6.942077
7.24918	10.650815	11.732623	10.671556	8.661188	4.592564	1.584291	2.355683	11.262585	5.828713	0.83425	10.369212	11.201689	3.00565
1.381716	10.446029	14.30972	11.650791	7.144829	1.486191	11.773822	11.405482	2.002214	2.501637	0.83425	10.477296	12.899589	1.686435
7.629471	7.427423	5.979276	7.027811	7.367689	10.468715	9.569118	10.262731	8.23644	2.987747	0.83425	4.55977	10.474033	7.175526
6.247815	9.310504	5.100753	12.511463	4.581097	6.052436	13.070501	9.335696	8.619658	4.204438	0.83425	6.774018	13.353454	0.003918
1.834237	12.938186	8.753761	11.14321	6.888668	3.897608	0.011602	11.00007	3.576967	11.496696	0.83425	11.884133	10.38878	5.351831
0.321465	10.020139	7.939133	8.961402	11.063063	9.268987	12.760821	0.35984	11.49178	5.91984	0.83425	13.413077	4.564615	3.081588
1.192701	7.74714	8.12772	5.729836	14.081352	4.602015	6.873875	13.004108	13.653829	9.136711	0.83425	2.099023	7.048143	5.869298
9.531078	10.365041	8.235465	8.441995	8.811837	6.336462	7.225724	11.727083	7.243865	3.711621	0.83425	5.598305	11.214741	0.722533
7.043691	6.672693	12.72711	4.482649	3.579031	1.971163	10.56177	10.228105	14.924321	1.94023	0.83425	10.391043	1.669399	12.974543
8.57857	11.111228	3.841232	5.725594	8.451031	9.200555	9.564285	12.379488	0.577497	12.673893	0.83425	2.106427	11.011223	3.944726
1.835626	1.576907	6.672382	1.14002	6.529189	1.500185	12.438052	4.144578	10.463383	8.557919	1.250875	5.457018	19.452608	18.981258
10.639665	8.122324	12.204998	9.927988	1.294809	11.902158	11.325679	9.356131	6.180227	5.463497	1.250875	5.050442	1.824771	5.456435
14.082261	9.782461	13.547282	6.941219	9.052484	0.36289	10.6358	1.992922	1.157199	11.437023	1.250875	11.248408	6.889053	1.620124
10.731261	12.351251	6.728383	3.082427	9.193202	0.848553	10.536536	3.022776	8.369384	1.608961	1.250875	14.767056	4.987393	12.521943
7.430367	10.23402	6.553451	12.568156	6.686561	8.804489	9.263931	10.935433	10.251646	1.649977	1.250875	6.191003	6.357992	1.822099
5.549016	2.994615	18.956733	11.233371	4.459338	2.789655	5.665192	6.521055	3.434454	14.341443	1.250875	4.047339	18.276199	0.480715
15.644626	16.628445	0.993321	5.702085	17.098192	0.694637	4.133322	14.122135	5.756584	13.210549	1.250875	0.751415	0.988001	3.025813
9.371469	10.039464	4.496408	3.006353	15.628416	17.201695	6.562019	16.346401	1.755624	0.507802	1.250875	2.985228	7.199555	3.648692
13.085493	0.247124	0.719775	12.293087	0.769967	13.241885	0.008991	13.291216	8.461873	12.890619	1.250875	5.02931	12.082485	6.627299
12.341311	3.223137	0.705115	9.922788	13.908	3.123737	3.689169	4.641841	10.772938	15.667895	1.250875	9.936303	5.984393	4.832498
4.280288	9.343981	13.56736	2.700238	9.722968	13.821651	8.6758	5.441436	3.814666	2.161144	1.6675	11.132518	1.792345	11.878104
0.216064	9.148103	8.996741	3.91127	3.858209	16.812248	16.674832	7.337467	5.636946	5.99451	1.6675	7.942349	9.956598	1.847162
9.76178	2.583249	4.357454	12.983227	0.015713	11.983827	5.24071	13.039941	6.522793	12.689615	1.6675	13.641265	1.575267	3.937661
6.38155	4.081532	13.507453	7.187462	5.635013	8.962851	5.77448	4.766281	13.296615	7.54802	1.6675	4.618861	9.735003	6.837377
9.002707	6.479272	6.355374	6.523828	5.375968	8.867138	6.687277	8.444178	11.161009	11.002894	1.6675	9.513546	5.59466	3.32465
9.778936	6.439109	9.644378	8.798699	5.522258	9.434595	3.09974	10.598226	7.450049	10.243635	1.6675	6.933492	6.133404	4.255979
2.833748	11.813188	14.176939	11.730908	5.806413	15.156759	2.789512	1.616247	9.430543	5.171481	1.6675	8.628666	5.859248	3.318849
12.991649	13.422998	7.078636	3.954348	6.068222	3.921809	0.828283	8.204902	4.187146	3.476998	1.6675	14.029504	13.156374	7.011631
11.87598	4.234149	14.121994	3.050843	3.629125	8.97321	2.944996	5.829218	11.470382	3.991285	1.6675	0.165709	13.516207	14.529401
15.450472	2.874037	8.35671	5.3376	6.120781	15.224265	4.195793	4.390827	10.451095	5.952535	1.6675	3.532738	6.66122	9.784426
1.771377	8.961299	8.338785	11.231126	10.903952	5.620397	9.099142	6.891337	3.313765	12.023608	2.084125	1.719877	11.444884	6.596327
14.288939	1.647061	7.397549	8.276462	9.000744	10.359275	5.477465	6.019544	9.545186	0.573211	2.084125	1.670362	12.376413	11.283665
7.749911	11.651799	0.019419	8.601515	10.823636	1.075672	10.088427	8.136016	10.672461	7.961686	2.084125	12.657413	1.791535	6.686386
9.428213	2.837168	7.552003	9.523442	12.072963	14.998477	8.042961	9.764234	2.283267	3.043642	2.084125	1.514412	9.973201	6.881891
7.037087	6.088029	4.620155	4.627247	9.098144	4.863733	11.036046	1.047295	9.990745	11.868875	2.084125	8.432288	9.51748	9.688751
14.013934	0.660944	12.295785	9.085256	11.972326	4.423774	3.515455	7.745601	9.412148	14.795539	2.084125	4.70502	5.228711	0.061381
8.150057	4.157254	8.317835	11.253821	8.4112	12.933276	5.389739	11.498687	10.861294	4.931012	2.084125	7.055361	3.450112	1.506228
5.14523	10.68266	2.104333	10.453957	11.075432	10.746152	7.062328	11.484648	0.267829	11.477426	2.084125	0.309815	6.299344	10.80672
15.948189	3.748444	12.730049	0.77131	11.057614	18.198163	4.615888	8.526637	0.910599	2.644659	2.084125	7.877334	9.594759	1.292228
2.360587	3.393463	0.312844	11.234133	11.463866	5.640457	10.726979	9.875732	8.453025	1.9161	2.084125	9.804109	11.32115	11.41343
3.483705	12.348449	5.12446	9.352311	4.389646	11.939508	6.298878	2.361149	8.689241	6.501259	2.50075	12.608338	6.783274	7.619031
5.279555	10.512346	3.329151	10.429631	8.4955	5.557938	9.631849	4.741597	10.379037	5.493368	2.50075	12.245954	1.856193	9.54713
5.805492	11.136876	8.055517	8.502442	3.156724	9.587922	7.290006	10.351337	13.055803	9.81919	2.50075	2.655585	2.108751	5.973606
0.993778	3.928953	5.733622	9.677721	12.946494	10.078054	12.678838	0.599684	8.301304	4.614812	2.50075	9.428381	11.496795	7.020815
4.733965	11.209693	8.481817	12.741096	1.376091	0.994978	1.294444	15.659024	11.959695	4.645317	2.50075	7.083333	13.867746	3.452051
5.733641	10.01002	7.149666	6.178639	8.621991	10.025999	4.483497	13.47101	11.853659	0.662294	2.50075	7.949279	8.998538	2.361016
2.085942	8.873817	3.666178	14.347457	1.858735	4.741175	5.268234	9.036178	2.539619	15.881886	2.50075	15.44513	8.231689	5.523211
1.166316	14.013763	12.644247	9.445909	9.409532	14.26106	13.146388	3.741385	9.503205	0.160944	2.50075	2.186022	5.059742	2.760738
2.443201	6.784219	4.77601	8.355494	10.037555	12.072119	6.989631	8.527851	5.836583	9.075389	2.50075	8.468198	4.108892	10.024108
1.117987	2.495231	14.37586	1.184515	2.384226	8.561387	11.64442	11.893501	0.535349	9.272234	2.50075	12.943373	12.591354	8.499813
8.198815	7.349545	11.311047	6.592312	5.483641	6.68791	7.085066	3.90497	2.451756	9.950656	2.917375	11.303929	8.380382	8.382597
18.505013	11.624281	16.961045	11.181845	10.570961	0.964915	0.080614	2.96257	6.548481	4.068307	2.917375	12.961073	0.271074	0.382446
15.991392	15.526583	0.136423	2.552899	10.50228	1.015762	5.553978	3.286812	17.726452	8.454888	2.917375	6.998805	4.377056	4.959294
10.720514	3.660297	8.660653	7.163262	2.33009	8.094397	4.170915	5.652067	11.841872	2.737345	2.917375	9.392042	7.664322	14.994849
18.956748	13.860439	4.759386	4.587681	5.306923	6.900401	11.759271	3.362631	2.450608	0.187614	2.917375	6.140559	17.294936	1.515428
11.96084	7.691916	9.703858	0.845329	8.369076	1.810897	6.702335	7.783678	12.058076	6.756918	2.917375	5.181507	5.094124	13.124072
4.291784	5.469193	2.458019	7.189946	9.647869	6.649451	14.287972	8.95232	7.58278	7.983999	2.917375	8.870663	13.31574	0.382888
18.396707	0.768892	3.918929	21.79492	7.803727	5.389052	9.506984	2.60875	8.58909	2.703594	2.917375	4.34748	6.286829	4.967673
7.473042	11.998893	0.964149	16.685859	0.289534	11.236459	13.398894	2.032383	13.583585	9.279756	2.917375	1.643602	1.71938	6.777092
0.335754	8.104751	12.372301	5.711081	12.301269	4.54895	14.440755	1.902191	0.558236	11.075707	2.917375	7.469412	7.975106	10.287111
18.267235	12.160593	0.35785	10.319845	8.163158	0.942086	2.226236	18.358102	4.158362	5.518209	3.334	3.310535	7.142719	5.741071
5.774922	2.328006	0.852295	19.317582	12.791261	8.555098	0.210476	10.363681	14.109063	12.436213	3.334	1.020543	2.470199	6.436662
10.168598	10.159418	5.605122	9.847168	10.424419	4.973079	4.943408	10.514816	6.718245	8.023621	3.334	1.173803	3.924665	10.189636
1.900957	15.249744	1.270789	11.550484	6.756045	2.828654	5.866457	16.374655	2.224536	8.611355	3.334	15.344475	1.48405	7.203799
8.513392	2.419834	15.184609	8.68693	9.629181	0.564557	3.062513	9.807154	2.861722	13.931586	3.334	12.196842	6.281945	3.525736
12.413919	6.42092	5.766306	7.728964	6.740279	3.49107	11.301072	5.328083	1.879127	6.495926	3.334	3.773905	13.649116	11.677313
5.269011	10.398511	11.888929	1.199573	1.117456	1.510666	2.868118	4.356639	13.285993	12.33839	3.334	5.922084	13.641304	12.869326
11.583117	4.088795	0.547939	3.251521	10.027062	6.592827	5.343872	1.610552	1.581674	14.271159	3.334	1.072265	18.914628	17.78059
0.173054	6.796659	8.746326	7.907904	11.291156	6.327527	0.753732	0.516664	12.880565	10.225646	3.334	7.785848	12.319303	10.941616
6.69424	6.736779	6.983927	7.290602	9.273516	5.823175	5.618927	6.830502	6.607076	5.486105	3.334	9.980468	9.555065	9.785619
9.381757	0.348665	1.442065	10.181522	8.102339	4.725586	7.235742	14.739793	12.174486	5.45157	3.750625	15.8135	3.321876	3.330473
0.703227	11.11091	5.197571	12.171746	13.322536	11.615303	1.299533	0.481781	9.956953	6.619769	3.750625	8.875228	4.122126	10.772695
4.705758	9.035408	13.769967	6.61851	1.872413	6.357026	8.922389	13.714936	5.530858	4.338105	3.750625	7.538203	8.185027	5.660775
12.705301	7.457383	11.001604	6.063217	4.232982	11.874142	2.705714	3.44229	3.136742	9.147886	3.750625	3.429119	13.188656	7.86434
3.860214	2.603399	0.15456	5.97888	1.625308	10.854202	14.2552	4.307649	14.695075	10.138438	3.750625	15.897273	8.201913	3.677264
12.325787	5.593173	10.149029	12.593664	10.428014	11.993226	8.343189	1.647912	1.468371	1.175761	3.750625	0.188153	8.480827	11.862269
6.557146	4.283495	7.736888	5.677956	8.710295	9.13805	12.920871	6.568309	14.68101	10.122041	3.750625	1.853862	0.966303	7.03315
8.747223	5.926053	7.241815	6.715036	6.878103	1.975084	5.295153	10.955908	12.097325	5.654299	3.750625	2.880128	8.703448	13.179801
2.657421	13.545332	10.900843	6.66201	7.70723	7.011683	3.916593	5.280705	0.689438	4.709325	3.750625	12.772522	18.96827	1.428003
13.457823	8.676033	5.718242	13.049878	4.345643	15.772647	2.183217	3.480135	1.593293	12.891851	3.750625	7.793011	5.49949	1.788114
10.881416	3.198234	2.66449	7.480389	2.701478	12.063197	10.674213	1.122771	11.305766	3.90903	4.16725	10.000968	9.056194	10.774604
12.857586	0.348951	8.9408	13.994272	2.101492	9.02047	0.532101	7.709145	6.599788	12.053202	4.16725	2.47722	12.488884	6.708839
6.433729	13.082917	0.602762	8.531085	13.005549	9.394226	0.021978	10.56755	10.076722	11.342407	4.16725	0.147149	1.789486	10.837191
10.347657	6.013596	3.137091	11.4897	12.258849	10.732453	13.479984	2.252533	1.192204	5.666303	4.16725	5.323749	12.917364	1.021266
13.757862	6.161953	11.381527	0.8144	7.258488	9.977736	12.692206	5.382887	8.634512	12.38607	4.16725	0.682223	1.747915	4.954969
5.547113	13.434206	10.600672	0.794334	0.67934	5.860628	5.115473	7.404441	12.862637	13.750032	4.16725	2.893971	5.967235	10.922668
4.834674	11.15295	9.241287	5.973849	4.76697	9.909776	10.132154	5.435987	5.794933	6.239978	4.16725	3.587499	7.432183	11.330511
9.14447	11.537357	4.680748	6.52671	1.872473	5.791864	2.459931	5.950037	5.763359	9.971138	4.16725	8.009117	10.596944	13.528601
10.170285	0.993152	8.264148	14.973948	5.216228	4.375994	13.673405	2.098776	3.661453	13.957152	4.16725	7.743551	6.495903	4.208755
4.192046	14.219296	4.799188	1.3619	0.532614	9.864935	0.957311	9.866352	4.075587	14.891737	4.16725	5.269582	5.292257	20.509945
8.652081	9.326752	9.640147	6.974063	1.832283	9.631256	6.448318	4.008308	8.689422	9.179171	4.583875	3.771547	7.987828	9.274949
6.358655	12.145459	2.34163	2.856382	13.334373	8.728719	7.275573	0.137053	12.842282	12.34999	4.583875	10.567977	2.058122	4.419909
15.315618	7.237534	14.345172	1.828225	6.039216	13.896369	9.874835	7.750818	0.62419	3.510285	4.583875	8.865062	5.609006	0.519795
8.268071	8.072692	3.906151	4.494762	3.672589	3.329541	3.386989	4.654313	12.920007	15.651272	4.583875	6.132069	12.036038	8.891632
1.233226	4.835281	10.092232	8.73183	10.142529	0.595968	6.262269	3.299826	9.521288	12.609554	4.583875	12.099865	11.985073	4.007185
11.625933	15.456771	13.028058	0.783165	6.025507	15.532208	2.220672	9.60293	1.297777	3.052859	4.583875	2.813632	9.011177	4.965435
1.038962	1.332824	4.600954	0.655007	14.939329	14.139668	1.312196	7.278824	5.944852	8.53801	4.583875	15.464193	11.222681	8.948625
6.499627	11.046493	9.115271	0.474548	5.124705	9.888106	15.552918	1.246262	9.791953	6.403136	4.583875	6.207204	10.798523	3.26738
5.888327	13.061706	8.516796	7.186919	12.575306	4.329627	4.924122	2.405714	7.176453	12.071755	4.583875	10.378156	1.318324	5.58292
3.164488	6.592412	2.957856	1.881061	12.184965	9.102216	13.115951	2.564393	2.358049	6.022783	4.583875	12.876535	8.928147	13.667269
10.278039	7.18743	4.936487	10.701037	5.886992	7.37251	8.442877	11.841569	0.414704	6.237416	5.0005	6.720935	9.98596	4.993544
11.714698	11.170753	8.100126	4.269748	7.005687	5.97873	11.413833	1.552729	1.257502	4.768944	5.0005	11.686639	5.223198	10.856913
13.296775	2.41064	15.411815	9.934635	3.473596	11.190221	4.212218	6.737236	6.583865	0.730274	5.0005	6.655685	9.435874	4.926666
4.481866	10.099739	2.80637	10.765825	10.692238	10.166783	10.655336	5.502631	10.910312	6.439975	5.0005	0.220597	1.922722	10.335106
13.551118	1.798241	8.104724	6.326571	4.255982	2.602122	10.771531	5.316211	6.768172	4.300416	5.0005	9.99296	11.846007	9.365445
2.249738	9.967258	10.431895	1.503297	12.490187	6.952832	3.525046	3.944013	10.848167	8.144261	5.0005	2.55277	10.634489	11.755548
10.038735	0.564051	6.552266	11.925269	3.671517	12.023797	10.999704	4.187532	8.351952	8.710944	5.0005	11.214188	6.32379	0.435755
19.502603	2.284402	4.395694	15.439792	1.22879	10.437023	11.01269	6.77058	3.187901	2.320412	5.0005	5.55683	6.672211	6.190572
10.687707	2.354358	5.343869	2.871074	11.419721	1.793393	7.767772	6.605553	13.035011	3.287273	5.0005	13.077668	12.618375	4.137725
5.301464	14.675085	7.73693	17.960152	13.758892	5.945311	1.77846	0.370064	11.063067	7.116809	5.0005	1.907653	6.39474	0.990872
8.230136	0.822002	5.362297	6.512679	11.504604	10.60066	7.882642	1.617172	6.118548	13.754521	5.417125	11.219327	2.30072	8.657567
4.584434	7.404948	13.172115	10.281871	4.896098	0.975229	7.498669	9.384852	11.494944	6.249453	5.417125	9.853878	6.180594	2.60579
10.899677	10.499343	0.443337	8.890988	5.491986	7.642073	3.313429	7.80765	8.888343	6.643455	5.417125	9.586791	7.013605	7.462197
16.831233	8.753197	10.658092	0.497592	9.511995	5.116442	15.04017	10.434291	1.783168	6.10344	5.417125	7.035889	2.431993	0.385373
4.966864	3.659285	7.529732	9.698329	6.179162	9.149549	10.954623	10.309487	6.921929	5.703614	5.417125	3.361914	9.674854	6.473532
2.787021	11.4812	11.494491	3.174317	2.224821	13.668789	5.95924	13.226349	1.396809	11.272617	5.417125	2.651046	1.968811	13.277364
8.207826	4.674701	2.707589	9.511994	6.190126	4.379814	14.077131	13.425377	6.996343	2.250253	5.417125	5.333451	13.778809	3.049459
1.819578	8.443573	4.924311	6.768376	10.44047	7.723374	14.987832	1.61317	3.189614	11.659402	5.417125	8.983851	8.808975	5.22035
9.178084	5.656117	9.803721	2.44588	8.425931	10.970736	1.701189	12.934705	6.628823	4.664589	5.417125	8.593886	2.604291	10.974923
13.3441	1.474119	9.837835	13.336082	0.946292	6.011627	4.865486	8.055626	13.367359	8.937903	5.417125	4.528269	2.96636	6.911817
3.03639	6.398895	11.38409	3.046283	7.029672	6.862211	0.589535	9.531809	11.936232	6.252723	5.83375	10.088021	7.530651	10.479738
14.648769	1.534185	3.114765	13.157476	4.319576	7.670739	6.961245	14.448649	6.2271	12.309601	5.83375	1.751621	5.078848	2.943677
4.814388	6.413668	12.071726	6.317243	11.3225	17.859494	9.295075	8.885912	3.324563	0.245659	5.83375	4.036967	1.147884	8.43117
8.279714	16.684306	13.814611	6.948632	0.202209	4.695278	13.987199	1.183626	2.011823	9.058655	5.83375	9.047643	5.533541	2.719012
1.80658	3.576736	7.079092	9.647705	10.236889	3.367493	10.229462	6.951699	7.358137	11.83308	5.83375	5.896084	7.418081	8.765212
11.163977	0.711905	9.556773	0.631496	9.529913	3.215553	12.691169	2.047362	12.570796	12.021536	5.83375	4.779696	12.667044	2.579031
11.815654	7.961615	2.131241	6.31916	11.987585	4.765656	3.793118	12.041819	1.952552	4.689209	5.83375	11.559852	2.300328	12.848461
9.975183	12.012468	8.036137	8.328966	7.350389	9.208578	6.030419	7.940105	3.38822	1.089265	5.83375	7.27732	8.328487	5.200714
11.421133	10.787641	6.266733	11.051209	5.955591	3.609084	4.374132	12.529284	1.125018	9.918047	5.83375	11.967169	0.636783	4.524425
7.640645	0.652211	0.993078	0.087954	3.947218	2.780927	17.65876	8.015159	13.477341	2.94942	5.83375	7.474325	11.073931	17.415282
11.417442	10.868932	12.098985	11.672847	3.694154	12.428967	7.639917	6.282954	2.281133	9.435434	6.250375	0.989276	3.456612	1.482972
3.810086	13.053068	0.309641	0.833917	13.414296	3.402744	3.378134	5.06272	16.518816	17.333592	6.250375	4.218246	10.262357	2.152009
3.090505	7.146478	9.741021	2.267582	6.064828	8.893839	0.351587	11.590682	4.05084	13.648326	6.250375	11.543128	12.221594	3.139214
2.436401	4.98133	7.758434	10.742922	8.258691	11.886199	7.746393	13.44864	13.085405	2.505633	6.250375	2.333001	5.508689	3.057887
10.897582	8.607386	5.774192	4.222443	5.064221	4.70047	12.475712	2.920489	4.754881	8.416565	6.250375	12.548615	4.254736	9.112335
10.694849	5.105795	6.94988	6.247322	7.337225	5.721116	4.234342	4.755712	10.892416	10.646447	6.250375	9.662358	1.782035	9.720126
2.156103	0.554834	4.72263	15.162032	1.412485	10.335208	13.287691	3.935583	11.109515	15.696809	6.250375	0.052978	8.771897	6.551858
6.096658	2.85165	11.625254	10.683027	7.144618	7.984674	7.884538	5.807123	2.05513	7.817183	6.250375	4.246769	10.042014	9.510988
5.613595	11.085962	5.720039	3.708064	11.337401	11.587458	0.51491	5.208144	5.88794	9.372584	6.250375	11.006609	1.247652	11.459265
13.284549	3.348018	0.666834	10.358426	4.608532	8.653326	10.790593	0.975333	8.947373	10.186535	6.250375	0.325213	7.691371	13.913521
6.005136	7.933845	7.848761	10.080436	7.699092	3.624631	9.326118	4.814631	7.511995	2.652028	6.667	13.490435	0.306118	12.039775
11.279166	5.44399	1.992741	2.774696	17.945452	18.386102	4.776728	4.324757	6.772595	11.833597	6.667	5.519181	1.063565	1.22043
9.522879	8.715575	5.31937	1.851207	11.104466	9.294051	15.154978	1.41529	2.706623	1.246773	6.667	14.47946	9.896459	2.62587
10.055662	7.100099	1.645382	9.759791	10.056988	8.949555	4.88718	2.351872	8.615412	8.138105	6.667	6.537202	4.152192	11.08356
6.217312	6.395697	11.036883	7.752499	0.760014	7.91595	6.10119	8.796972	7.571968	11.610511	6.667	6.293558	11.763504	1.116943
4.010462	6.329412	13.681151	2.349299	3.62822	20.90292	4.16665	4.850402	3.829696	2.639489	6.667	9.648589	13.707264	3.589446
2.401732	11.611635	12.543908	8.824819	5.730596	11.897677	8.454922	2.11948	5.041864	3.353561	6.667	3.689448	12.560812	5.102545
5.529254	11.308329	8.865305	8.339848	7.53867	3.399926	3.245373	12.162438	7.052082	8.274565	6.667	8.658502	1.161059	7.797648
11.657193	1.391547	5.931376	8.32997	11.907257	9.632925	12.754932	0.54525	6.964948	8.566549	6.667	4.061336	10.858362	0.731353
2.464156	7.706646	9.873217	12.129009	1.588287	8.327009	0.184424	9.811747	3.179835	4.228617	6.667	13.361997	6.133996	14.344059
8.915031	2.159295	3.031854	8.668479	6.813709	3.928242	14.633628	6.028488	11.645913	6.239227	7.083625	10.21798	6.602804	4.031724
11.132366	11.648799	9.535369	11.598423	0.661475	10.532143	7.915971	0.94591	8.625887	11.049297	7.083625	2.565887	0.545873	6.158976
1.253258	7.900327	2.034693	0.536752	17.341348	3.422228	5.460432	4.147095	7.701184	14.574713	7.083625	4.661869	7.621931	16.260543
1.082153	9.636734	3.237904	12.685762	9.759184	1.493978	11.667901	11.595539	2.876262	2.993549	7.083625	7.919842	6.070459	11.897109
11.462958	11.828291	10.735604	0.924109	6.091026	8.128502	8.995695	4.85412	2.780845	12.395626	7.083625	12.697827	1.815317	0.206455
4.595067	4.183052	14.50795	1.239332	7.642992	12.237416	7.917797	9.989697	12.974175	14.043015	7.083625	0.54292	0.883272	2.159692
6.238591	11.721948	2.924623	4.867018	11.960087	10.801752	10.019097	6.997961	5.469898	11.375266	7.083625	0.77416	8.70443	1.061546
2.056265	0.216678	1.97841	3.255203	2.199715	0.815027	14.108956	12.873773	8.040564	10.664617	7.083625	8.45886	14.633934	13.614374
6.443506	3.978212	6.012169	12.17877	6.063888	3.457787	1.267134	5.478335	4.550594	4.819389	7.083625	10.641879	13.632213	14.392498
10.827278	7.789569	12.207719	8.305016	12.378572	5.152643	3.680219	5.045233	4.63949	1.775565	7.083625	4.150319	4.349085	12.615666
3.117032	1.183745	14.833059	19.315481	1.22287	8.395597	13.323437	1.033047	3.926407	3.917739	7.50025	8.803222	4.329989	9.098125
8.032003	8.971592	5.811613	11.567476	4.001745	11.09515	4.912895	10.918974	9.545975	0.889753	7.50025	5.555801	9.127126	2.069646
8.028161	10.249772	7.430809	0.303458	11.887761	4.693829	6.188946	8.863676	11.770952	9.251521	7.50025	5.776055	1.984517	6.070291
1.695611	15.712914	14.164253	2.535466	1.262773	13.147874	3.159822	15.157307	4.056188	0.679801	7.50025	6.052638	3.2147	11.660404
12.225768	12.535995	5.722543	13.125998	8.195669	1.889417	10.608456	11.899117	1.676176	3.362557	7.50025	0.432504	10.13855	0.687
10.22301	11.364923	4.171424	9.808206	6.954807	4.588729	12.599649	1.001882	12.516301	10.937581	7.50025	3.62739	0.984325	3.721522
11.268217	8.572681	10.396236	3.240563	6.668303	9.634287	0.579311	4.757343	4.35389	15.010064	7.50025	11.052856	3.742854	3.223144
3.328894	0.480127	0.000293	10.956707	1.907234	13.085359	7.751205	9.791764	1.078804	13.779417	7.50025	7.755112	12.336175	10.24866
10.005399	14.131992	0.693614	7.477	10.650831	8.155579	2.608757	3.693164	3.493026	1.4823	7.50025	9.79713	13.468045	6.842913
4.766008	1.318869	9.755098	12.161569	10.354571	10.586147	13.856685	0.798139	3.477045	3.539642	7.50025	13.239524	5.268778	3.377675
7.881873	13.027216	5.254261	1.827584	11.55951	4.746516	5.867198	6.889232	1.774967	9.891776	7.916875	4.453129	16.265151	2.644711
2.798956	2.703833	9.022693	11.012788	14.008675	3.339789	2.729798	13.201383	10.907377	8.583275	7.916875	8.529325	4.7675	0.477733
7.315575	8.329473	5.994791	9.969139	2.310339	9.074081	7.98612	2.920765	5.931581	5.943995	7.916875	7.98833	7.734233	10.584702
6.898452	4.32242	7.059813	7.799357	6.426871	12.700431	12.0443	6.041553	12.794974	5.222472	7.916875	2.073948	0.42801	8.270525
13.641209	0.402088	18.581083	7.086395	2.354229	2.162561	3.519631	6.503572	13.640441	1.741114	7.916875	4.275222	7.274451	10.90113
12.117307	6.538892	2.700355	8.635573	13.016301	10.60037	5.059581	2.844662	9.137213	9.172677	7.916875	5.055202	0.501369	6.703622
5.861423	3.209913	13.029385	11.160275	0.213267	7.168316	11.897381	2.172967	2.010461	8.656664	7.916875	2.583643	10.2938	13.825633
7.484054	2.730859	9.858605	10.831539	5.882163	0.069719	8.338692	11.070053	5.511742	9.482264	7.916875	3.357977	6.803417	10.662041
1.936309	16.696328	15.540305	10.966516	4.646029	4.355751	7.657972	1.753583	3.930805	10.966327	7.916875	11.031116	1.319237	1.282848
8.436482	3.510615	10.347127	3.609747	1.921288	11.735331	9.210425	10.425571	10.53592	5.024474	7.916875	6.613849	6.133678	4.578617
1.965712	15.411164	0.111154	8.047553	3.288609	6.366216	1.3773	12.149471	14.861727	2.39448	8.3335	10.618825	14.558129	0.516159
1.720952	9.385197	10.831081	9.28276	8.675484	9.457577	11.767766	9.603625	3.47882	1.61608	8.3335	3.826289	6.053111	5.967761
0.472959	6.130634	10.152348	9.662377	8.140606	4.638391	7.852451	15.315154	4.677709	13.663288	8.3335	2.485071	2.162848	6.312665
10.013346	5.201444	11.321511	2.740905	2.609458	3.252084	10.179196	11.221168	9.495189	2.172655	8.3335	8.599382	11.316039	3.544124
6.498502	7.4342	0.034318	8.155506	6.953299	9.568702	6.210443	11.060225	7.754773	1.558972	8.3335	6.435176	10.35679	9.645594
7.163116	13.358009	0.690937	4.370872	3.933372	7.835344	11.474501	13.20275	3.997351	12.591446	8.3335	4.851978	6.030131	2.166692
6.592388	7.10356	5.152416	0.385701	5.344179	0.839967	11.840571	10.553078	6.839578	5.647901	8.3335	13.152791	9.414473	8.799898
12.759402	11.520704	3.297219	11.091202	12.347064	1.8427	7.225441	12.586373	4.104554	8.285742	8.3335	4.548516	0.844925	1.212658
11.734392	2.77521	10.059221	10.990911	3.873336	6.256158	0.705646	2.288211	7.180868	11.380917	8.3335	0.955074	12.601271	10.865287
6.927214	6.110714	8.235557	7.971711	9.398906	7.689146	4.397263	9.775254	4.822242	10.226523	8.3335	2.541499	10.307226	3.263245
5.723733	9.956898	4.23539	5.371644	9.069785	2.963298	7.773114	7.776178	7.872022	11.083942	8.750125	7.397609	4.578568	7.447695
10.28289	8.738471	6.45419	3.398401	7.182488	9.553233	6.61565	8.728364	1.50852	11.448981	8.750125	7.288403	0.730276	9.320007
11.34887	2.280528	7.226267	3.514886	9.409034	9.183781	4.412373	6.027782	2.11055	10.273976	8.750125	4.482231	9.701211	11.278388
10.148072	2.126987	4.976069	13.778104	12.718856	4.281351	8.065678	8.473417	0.786902	0.874856	8.750125	2.885628	8.826198	13.307757
9.246122	12.056713	6.216449	7.404173	7.898336	3.292713	4.084344	11.122931	6.841974	6.999755	8.750125	2.640101	3.150681	10.295584
12.539686	2.26526	3.78359	2.886854	6.005603	12.195835	1.72196	2.748437	11.925255	14.027017	8.750125	6.191614	8.361502	6.597262
10.444176	0.437587	3.337721	4.476284	5.919999	11.752183	7.988164	8.270391	11.714932	4.394421	8.750125	8.292259	3.624094	10.597663
10.361877	0.557018	4.392922	11.477508	2.670581	12.675085	10.083471	3.987112	3.380018	7.048848	8.750125	11.986847	5.436165	7.192423
12.158347	8.0231	5.407411	8.404201	5.761829	11.782536	11.890522	1.60404	7.59426	5.565462	8.750125	1.783137	1.17631	10.09872
6.528832	11.199919	10.566852	3.442911	10.487325	10.40479	9.135596	2.285837	9.761648	1.420691	8.750125	4.541382	6.772114	4.701978
15.929963	1.462656	10.941194	6.630862	3.831724	6.12276	2.378636	3.76258	0.97206	14.651628	9.16675	6.044544	8.719162	9.385482
6.216037	9.80123	7.644922	2.115718	3.795005	3.103173	13.337867	11.330104	12.303748	3.708689	9.16675	6.23452	10.390832	0.851405
9.606332	8.248571	6.231786	5.863998	5.247702	2.317831	11.36318	11.097027	3.421857	6.639621	9.16675	2.072776	6.423909	12.298661
0.202534	3.211458	11.328259	7.467373	9.173348	12.405961	6.550776	6.618597	10.437788	3.339655	9.16675	10.050433	8.909415	1.137653
13.70524	6.204289	10.983886	10.730981	3.521944	6.121898	3.049966	0.964678	7.065259	2.014842	9.16675	8.793345	8.16635	9.510572
2.232147	3.386892	9.069931	5.373287	9.165862	6.779022	9.548471	13.983522	7.808045	7.260935	9.16675	0.099998	0.510356	15.614783
7.738685	0.841553	4.224187	6.122765	4.381968	6.924712	7.68326	3.640524	6.919919	4.09381	9.16675	13.550604	11.123105	13.588158
5.32368	9.698599	12.452253	0.533245	14.768931	11.471277	5.802726	1.426593	7.698469	3.696816	9.16675	2.162954	10.99621	4.801497
12.061863	4.83178	4.257047	11.278469	13.225502	11.497314	5.581501	5.993584	7.595128	0.87937	9.16675	12.154244	1.403772	0.073677
2.409282	10.191799	12.562917	3.406011	8.123478	4.786376	9.490142	5.389796	5.604406	2.795426	9.16675	7.802275	13.205815	5.065527
2.317281	2.454744	15.160418	12.560524	1.590744	6.407916	0.18731	13.047798	1.26247	13.088909	9.583375	5.877254	8.606149	7.855106
6.325635	11.465356	3.136149	15.029481	12.206417	4.333175	3.201992	0.379834	0.434594	12.076579	9.583375	9.447065	4.098748	8.281598
9.133922	7.148772	1.699491	8.236825	5.864549	7.628258	5.663773	7.002136	2.543866	12.113142	9.583375	8.438802	4.476374	10.466715
1.541247	15.070714	15.586731	6.049677	13.16061	4.743664	3.583404	3.193113	1.832876	3.365325	9.583375	3.000709	2.519812	16.768744
4.083881	0.602946	8.832802	7.342455	17.655778	0.609969	2.915266	0.972974	2.198948	14.688559	9.583375	9.182165	14.397225	6.933658
10.722365	12.777367	8.186789	0.005778	3.750471	4.262958	7.494682	2.547448	11.117004	3.020404	9.583375	12.389632	12.492587	1.64914
2.816678	8.533964	10.181259	3.336501	6.286969	0.299794	5.386223	13.919395	11.206337	6.642126	9.583375	6.819905	2.909907	12.077567
11.726908	13.78293	1.789978	1.491003	6.127993	2.616786	11.468506	13.028911	13.439368	7.993585	9.583375	1.12323	2.989718	2.837709
3.856991	4.698211	8.432105	14.512719	1.940656	8.475984	10.069585	4.641396	13.059451	12.882613	9.583375	0.976541	5.310521	1.559853
12.254649	1.487974	10.384054	1.816205	1.977646	2.821195	4.645543	5.583552	5.655828	12.72479	9.583375	9.947696	20.537693	0.579799
6.91254	11.702157	3.352544	12.06986	5.621042	10.541712	2.868532	1.807746	7.281217	2.615956	10.0	10.249507	2.538764	12.438424
7.063482	3.716052	1.75842	13.351403	1.624183	12.981687	3.473586	14.354152	6.502864	8.594501	10.0	0.351404	3.565823	12.662443
4.428258	9.547352	2.417864	13.278184	9.738177	5.38408	4.626228	9.107236	2.041049	13.821403	10.0	1.51763	4.629006	9.463534
10.451238	1.824018	10.216855	9.113556	8.632421	4.151761	2.679383	10.948613	2.373145	13.902303	10.0	3.686385	10.17511	1.845213
6.648175	12.243574	1.384433	11.734497	1.680615	8.693579	11.804648	2.701336	7.107617	2.628184	10.0	1.227383	10.771992	11.373967
3.127266	9.012998	0.524084	13.092988	10.077402	9.274614	12.386853	2.687229	1.384492	2.502376	10.0	11.090165	10.552588	4.286944
9.261338	10.715696	6.051012	2.303792	2.402853	11.40058	1.737274	8.446123	9.336937	10.185888	10.0	4.393525	11.853221	1.911763
3.992946	0.204371	8.155495	7.859063	8.90142	8.4811	11.238675	1.634926	5.297749	13.41823	10.0	1.801385	13.261315	5.753325
2.571067	0.941038	6.848792	11.140643	4.279455	14.142957	15.422434	3.127652	3.739395	4.874946	10.0	14.035724	4.722803	4.153094
4.613078	12.548763	3.430416	12.660998	10.184753	3.91302	11.405196	0.22627	5.568067	3.703184	10.0	5.781733	10.138627	5.825895
