CD4	CD8	nB	NK	Mn	mNeu	m8	DC	Eo	Tr	m4	Mg	Er	mB
0.0001	13.99119	11.8752	7.899553	8.718295	3.134925	2.783369	7.604391	6.257287	12.815155	2.697871	11.601383	6.585316	4.035965
0.000147	0.878216	11.856361	6.880628	12.233283	6.021838	10.022198	12.548553	0.863012	7.19187	9.594157	3.708015	7.776256	10.425466
0.000215	7.11592	10.279405	10.163104	13.183192	8.64423	8.59559	0.978885	6.046938	1.770493	4.859684	10.528957	13.440257	4.393131
0.000316	8.960537	0.455299	8.993365	11.747584	7.179121	6.834571	9.691504	9.29729	4.593547	10.744452	9.949493	11.541682	0.011239
0.000464	11.21743	9.391816	5.255586	6.597475	0.900288	4.155256	6.947929	9.638315	7.490341	12.028296	4.964531	10.729528	10.682745
0.000681	8.151783	9.415301	7.696891	9.408248	10.98667	11.001935	0.777912	12.074795	12.992372	4.289395	3.236753	2.151591	7.815672
0.001	11.317483	2.558634	7.961946	2.471379	2.51498	2.30683	13.244685	11.179464	7.650023	11.82826	11.239855	1.728811	13.996652
0.001468	12.738942	3.112225	5.870477	12.755582	8.09915	8.145423	12.009369	1.302334	3.022142	4.76664	6.479998	9.552291	12.14396
0.002154	14.102428	10.425481	5.051967	0.328016	13.389317	6.159235	10.48042	10.185867	6.909622	6.347738	7.766038	7.375584	1.476132
0.003162	10.838567	11.718685	10.063041	6.119721	11.200014	0.398378	9.912603	10.40435	12.603879	1.493904	11.354241	1.896594	1.992861
0.004642	0.402571	12.26753	14.466761	9.414037	3.33613	3.139414	9.895837	11.049212	7.99669	14.654086	4.442376	8.274288	0.656427
0.006813	9.531296	9.26896	15.541606	6.506246	16.007447	0.321102	3.135384	3.619615	13.151984	13.319681	0.16767	5.686195	3.736
0.01	11.412269	13.836322	10.362998	2.209547	14.75228	6.13595	10.327233	9.113324	8.2801	1.366302	3.803033	5.807684	2.582957
0.014678	8.648948	1.816012	6.576519	7.307792	13.637632	4.645236	1.847314	9.98842	14.21638	7.400898	9.652226	13.936505	0.31144
0.021544	4.460552	6.285535	1.820387	9.107673	13.367537	11.90683	13.652601	11.87979	4.935188	6.937111	1.507143	13.225012	0.893097
0.031623	8.563445	9.808196	3.576455	6.016033	0.871635	14.005227	2.656054	16.552839	2.3279	12.957933	15.996475	0.79589	5.840296
0.046416	12.073398	13.695901	2.11697	14.590088	8.361652	4.513741	10.386288	4.317477	10.983258	8.931377	2.907708	3.309826	3.765902
0.068129	3.011306	19.661911	5.027423	17.680759	0.127344	23.533222	5.792117	2.665822	4.440915	2.866749	3.115445	11.289141	0.719718
0.1	12.860413	7.61153	9.612193	2.434005	10.819045	4.556598	9.901626	13.3237	8.858871	2.133127	8.488444	8.25166	1.048789
0.14678	2.3043	7.836823	3.774951	14.157486	14.622457	13.166226	3.606669	4.394997	10.658597	4.100013	8.094612	12.169397	0.966692
0.215443	6.135684	13.687775	3.159842	5.782429	1.98965	18.935311	11.039404	9.863717	0.273671	2.558666	2.434005	9.127226	14.797177
0.316228	2.832678	6.322966	14.533849	5.232988	12.507338	5.351014	10.629343	0.391537	5.498883	11.216121	2.768521	11.364183	11.03435
0.464159	1.351769	15.132869	12.369622	6.748851	0.181205	9.939255	14.473587	2.586129	12.781944	3.162384	12.716566	5.431176	2.660484
0.681292	8.264108	3.088017	14.451044	6.80997	8.793775	7.74839	3.13677	2.011053	15.066799	7.916812	14.134561	3.622299	4.275108
1.0	15.671461	1.540532	6.193116	1.599061	5.674365	3.756347	4.478307	2.143214	15.563271	7.467069	14.082415	6.910221	13.920622
7.392082	0.0001	3.85596	5.593803	2.153012	16.682907	16.39187	8.025039	14.933464	0.228102	11.342069	3.210315	6.896139	3.295138
11.124469	0.000147	13.391253	0.72983	4.774191	12.024165	10.910992	3.7556	1.747376	9.236457	10.152817	2.948696	13.029119	6.174889
8.42385	0.000215	13.4875	8.339889	3.966648	12.604561	8.580723	3.775628	4.892813	1.198289	8.215317	3.78429	10.235983	12.494294
1.883186	0.000316	6.864835	2.844286	10.506865	12.579931	12.106717	0.196214	10.591916	11.215488	4.388362	1.203793	12.042644	13.575448
0.655573	0.000464	3.882155	9.516607	0.688125	6.091386	15.363292	12.254002	1.229352	9.937499	7.887022	3.354008	14.289976	14.850538
11.705446	0.000681	5.794289	2.549101	0.062916	12.708445	1.348014	13.829994	10.878459	8.175618	4.890222	13.277582	5.314639	9.464595
0.710977	0.001	16.068819	8.435959	8.288127	2.402008	9.540271	16.340429	2.76119	14.847428	4.261746	14.230576	1.073659	1.037813
13.544642	0.001468	5.527631	6.800235	0.658185	0.558375	4.601345	4.472434	15.805981	0.044189	2.720116	20.222756	4.632166	20.410478
8.942728	0.002154	6.196493	9.478528	5.996734	12.007644	11.722578	6.61177	2.738353	8.906338	0.897177	12.25396	3.044056	11.201486
8.196668	0.003162	6.337793	3.40945	6.977526	7.135406	6.532369	7.361289	9.346972	9.551031	7.521807	12.513842	5.51347	9.599215
7.21525	0.004642	0.959224	1.315862	10.448571	0.655445	4.838118	11.082263	11.412281	10.759933	11.990581	11.733808	10.780443	6.803579
8.120334	0.006813	6.421471	10.364443	11.763036	12.189012	5.348141	10.950876	9.986222	8.173246	1.748497	1.797378	9.326103	3.804428
4.291576	0.01	13.184727	10.434136	7.456372	4.321369	9.632083	12.950618	7.179223	6.413831	0.872257	5.411233	7.232865	10.60971
5.969266	0.014678	16.979121	7.00147	8.130002	10.80019	9.389388	1.212143	7.312884	10.000407	3.478498	8.082016	3.21723	8.412707
1.293622	0.021544	12.817496	11.103889	10.871977	0.383361	1.738813	11.760515	8.661121	4.467623	2.817643	7.900141	14.336658	11.825597
0.249042	0.031623	8.367939	2.686075	9.707139	1.489852	8.898861	6.144497	14.548563	11.771001	9.489588	11.869702	3.443331	11.302788
12.341419	0.046416	3.421306	12.40021	2.284075	4.069509	5.623189	15.90682	9.932607	9.746793	10.468437	2.11855	0.258639	11.38203
0.415262	0.068129	9.417586	8.381354	0.763311	12.860784	7.032232	9.814332	12.137826	7.936325	5.494301	10.358727	5.335306	9.984525
10.741963	0.1	8.952872	12.258138	4.583514	7.578125	10.592629	11.207229	13.630535	0.838816	5.56517	9.465953	4.296877	0.188178
2.055486	0.14678	0.284625	9.87071	14.847507	11.322239	5.957754	4.786522	14.472939	5.649739	8.761161	0.983076	17.808134	3.053327
1.704845	0.215443	11.621653	8.821729	8.369918	11.845153	9.100636	3.574566	2.825779	9.6632	0.033133	12.398449	14.681382	5.144114
2.253874	0.316228	2.761759	10.193457	7.386886	10.881163	11.535899	11.170515	9.612606	6.75662	8.816874	9.491016	0.391949	8.431155
10.794952	0.464159	2.530833	0.02108	12.783043	6.776288	7.928644	11.099173	2.503243	8.595256	14.175784	4.964464	8.313193	9.049889
10.831544	0.681292	6.199706	2.050805	7.300719	3.411963	10.28962	0.467859	16.548728	4.272556	9.969259	2.076904	14.41253	11.486516
5.222373	1.0	9.353732	6.129769	10.379782	10.912005	1.558304	4.80135	3.849688	1.963797	10.780369	12.90631	5.896682	15.245838
2.051309	8.116315	0.0001	9.674758	8.60538	5.119207	3.809658	7.192975	10.483285	2.36671	11.1582	9.167117	11.344276	10.91071
8.781778	11.809092	0.000147	13.9283	8.680906	12.309006	0.353876	2.603796	18.59544	11.646775	3.18915	2.372609	5.345068	0.384057
6.558351	2.687311	0.000215	13.484902	7.115328	14.076156	0.362094	6.292517	8.272344	9.335028	6.335461	4.333231	6.762156	14.384906
12.770642	1.920383	0.000316	0.777608	12.692782	15.128895	8.015238	14.400448	0.950298	7.055134	7.073017	5.595903	2.309705	11.309629
3.750965	10.147463	0.000464	1.145816	2.054889	2.573902	7.233786	21.221597	16.422169	6.666153	9.555799	5.065028	8.567616	5.594354
3.044828	11.201865	0.000681	7.009236	12.99586	12.954183	0.957327	3.584186	12.803588	7.447681	1.372644	11.490012	10.453133	4.684775
13.850768	8.807283	0.001	8.795324	3.333003	4.40657	9.808262	0.611869	5.820096	13.076899	4.970055	1.325033	10.862748	14.331091
2.471829	2.045327	0.001468	0.71292	3.710463	12.015116	4.140728	15.925772	15.675736	7.687874	4.048771	3.014883	15.02074	13.528375
13.640057	4.372304	0.002154	6.108646	10.916914	9.029702	13.791043	6.915439	3.551871	0.42739	2.609091	6.770874	11.284369	10.580146
10.348433	7.618234	0.003162	3.553572	11.786883	13.069174	1.915685	7.80728	9.016106	8.547855	11.977706	4.171113	6.89561	3.289188
4.800129	15.618977	0.004642	3.824278	0.761911	6.851599	6.452511	14.587239	15.213073	8.985795	7.447729	4.329548	2.378001	8.744568
4.575307	11.155895	0.006813	11.115944	9.559185	13.357736	4.158909	0.582014	5.965456	3.457339	7.492835	11.442487	5.294034	11.836047
17.47131	1.73029	0.01	8.126429	15.380191	15.899065	3.227376	4.642906	6.877598	15.322612	7.620877	2.712898	0.528796	0.449652
3.143851	14.78442	0.014678	3.681529	6.337399	5.012219	5.823918	18.523592	0.547045	5.429929	6.944665	14.655303	3.572748	11.528704
12.954824	11.786166	0.021544	6.488683	10.079362	4.753219	8.321536	9.696747	2.198731	11.536124	2.925532	3.061364	15.391593	0.784577
7.383097	5.041627	0.031623	10.612249	9.898094	4.327606	6.997782	0.59264	7.866554	10.676511	11.949076	11.664035	8.240095	4.719012
7.622932	8.119397	0.046416	7.913102	12.411286	7.217963	1.366211	6.787823	2.714933	8.170748	4.587955	13.331222	12.283857	7.426154
4.863631	0.623504	0.068129	8.758747	11.87301	5.216066	13.526986	12.600952	10.161824	1.990003	3.439319	10.643101	4.617035	11.617693
4.551842	8.991319	0.1	10.141847	6.390732	7.141798	8.074204	3.238527	3.080009	9.662394	9.54323	9.83653	9.019303	10.228264
1.628216	1.047542	0.14678	9.919788	9.569326	8.835027	14.268133	9.524861	7.661194	12.372057	6.384716	9.639983	8.306269	0.696108
12.962804	1.231213	0.215443	8.460075	11.07544	9.37576	4.74093	9.93832	1.840145	6.023388	12.29592	8.02693	6.847508	6.966122
2.297597	3.489992	0.316228	13.043039	3.348212	7.283782	10.479276	15.221722	7.831142	15.423084	6.668842	8.397195	1.187678	5.01221
15.355839	2.328725	0.464159	15.999735	8.638679	5.030214	8.76362	10.515128	3.728346	6.463385	8.230125	0.88959	10.11362	3.478835
13.085356	9.044971	0.681292	9.698654	0.537493	0.004111	12.245	7.139343	3.227864	10.017534	3.688331	9.809245	13.587314	7.233491
2.617219	5.265204	1.0	10.152976	13.045658	3.433257	3.323914	2.596749	10.725041	15.192314	7.109507	6.977551	14.851977	3.708633
5.170039	3.769382	4.778384	0.0001	4.200071	5.589893	11.089024	9.124335	3.960025	18.706817	11.788716	15.042965	2.002111	4.778137
2.538905	14.408441	13.250178	0.000147	16.33461	7.326222	2.059048	11.342328	6.909287	4.294755	2.586635	10.915503	7.799525	0.234416
11.381487	5.951167	11.857785	0.000215	7.297326	1.055709	18.571269	19.284338	1.210526	4.912325	7.722749	9.106005	0.558867	1.090231
13.219079	12.932679	9.8477	0.000316	0.685104	9.106293	1.757809	10.606231	15.021585	1.834435	0.12899	7.403254	8.928626	8.527898
10.683877	13.857813	13.770838	0.000464	2.887816	14.529786	0.333633	5.520539	0.490522	4.870794	3.447178	7.321189	11.786925	10.498626
5.558141	10.210514	7.440316	0.000681	11.33689	2.825261	9.436547	12.769142	1.956218	6.41008	10.007618	12.683265	8.603045	0.762284
9.673379	13.073008	9.111061	0.001	2.502551	1.669768	1.889639	2.81128	4.386903	9.653218	13.975228	12.185164	5.619617	13.448182
15.516387	8.93802	3.125735	0.001468	6.718388	0.586707	0.081517	12.175849	1.682503	8.238525	15.899715	0.70824	19.553329	6.773616
10.010257	5.597077	11.201419	0.002154	9.843681	14.974529	0.815789	0.750675	0.108556	12.678908	0.876895	15.337492	3.077105	14.725462
4.892516	15.626505	13.638611	0.003162	1.232171	4.987217	16.086407	1.830161	12.102653	5.980907	6.291543	8.109892	1.318372	7.899882
1.218596	8.782735	13.822956	0.004642	2.153143	9.445706	6.768127	10.454152	7.927559	6.847795	14.131093	3.253642	1.543184	13.646671
8.807931	7.365721	6.479635	0.006813	9.261686	1.975313	8.960177	12.949567	9.132226	2.646201	3.940263	11.014127	6.479643	10.980698
2.354112	9.505703	7.300835	0.01	5.772623	2.073235	21.088302	5.767973	6.818975	10.793929	1.981202	15.35838	3.169666	8.005066
12.150544	7.510717	12.810271	0.014678	8.538828	13.007471	14.481085	4.399293	5.814999	2.419341	3.034683	4.92725	4.220301	6.670538
8.33464	4.381434	13.586591	0.021544	1.695225	7.557251	1.776874	13.828305	6.705601	12.805017	4.661898	12.804402	0.579502	11.261713
11.445977	2.099371	14.250889	0.031623	14.212435	7.938922	6.904468	5.596965	9.383717	12.795696	3.16356	0.411267	3.414371	8.350738
1.221948	9.381955	2.605989	0.046416	12.838884	9.040375	15.940861	1.88428	7.270591	4.913773	1.255434	16.191155	16.066226	1.342115
1.299152	4.214996	9.104912	0.068129	4.184931	5.175235	9.516504	13.566124	9.684282	13.519238	7.031693	7.186738	13.075735	2.372329
2.303501	2.669617	12.051743	0.1	10.416387	6.550255	13.441472	5.927124	5.720999	10.395011	11.09693	3.045325	4.867441	11.414194
3.556307	8.864654	16.374521	0.14678	5.838505	15.024638	7.826134	1.914758	9.918094	1.107617	10.87013	10.967415	3.198059	4.392389
6.218579	6.050407	15.26265	0.215443	6.104449	9.599085	1.238895	15.77971	5.453415	6.620657	2.961179	5.509879	10.063929	8.921723
8.145341	1.379017	13.528716	0.316228	11.593071	9.821934	2.858158	8.686664	5.227279	1.67451	16.027483	2.185154	12.068153	6.488293
11.297899	8.788456	11.443519	0.464159	3.695625	3.977859	7.880817	3.304718	7.743784	12.945213	4.405397	13.383656	0.976599	9.6923
4.636999	14.020735	8.76693	0.681292	12.301812	4.309034	15.013364	12.978709	2.971317	10.998673	4.019794	4.501967	0.733523	4.065853
20.348404	7.542452	12.36374	1.0	0.903016	5.072185	7.382145	1.091936	2.134225	0.028351	11.966181	1.199749	0.98901	27.978606
0.240702	17.722545	2.025467	1.276435	0.0001	3.151533	5.771756	18.267685	4.658327	8.9262	3.500658	22.072417	6.358883	6.027291
5.989156	15.320329	3.591592	1.175217	0.000147	13.863251	17.444028	7.226696	2.79033	4.32743	12.921223	0.734278	0.71772	13.898603
0.467548	13.666454	7.211401	7.428348	0.000215	8.534909	7.697899	2.045578	6.02698	3.372118	5.013485	14.012423	11.125021	13.39762
8.695984	14.620037	4.827502	7.562564	0.000316	0.112852	10.15815	3.603941	7.03157	8.035934	7.295322	8.557823	14.5862	4.911803
4.746018	0.243926	12.365417	10.95499	0.000464	7.702431	1.667351	10.783386	15.637072	5.433445	19.39166	8.08927	1.339391	1.64518
10.905972	7.782306	1.946402	10.312454	0.000681	0.725752	7.749388	4.265497	14.22478	7.46115	8.568785	8.743481	11.984143	5.329209
2.195679	6.756056	1.417893	6.471018	0.001	11.021594	1.681184	4.64394	13.099344	1.423811	13.302619	13.724321	7.011065	17.250476
5.675114	6.789059	15.132134	14.763689	0.001468	4.270221	11.417037	1.688851	0.465918	6.447324	1.035753	13.080821	11.353782	7.878827
10.415989	2.543261	0.060177	7.144107	0.002154	12.885335	11.983776	0.84008	7.239174	9.813491	0.488571	12.499247	12.338865	11.745773
6.846753	4.618323	11.50373	3.750846	0.003162	11.15854	2.45923	6.42004	3.881286	12.859678	16.024785	11.95648	6.36487	2.152276
11.309187	10.120637	14.090559	7.978886	0.004642	6.1145	3.825829	11.548151	9.261485	13.870497	5.02761	1.991121	2.404211	2.452686
3.284953	9.564018	10.701993	9.901889	0.006813	9.427755	11.112544	11.030275	7.379545	0.725241	6.418611	7.586306	6.147562	6.712495
4.676102	14.644606	12.697983	2.943446	0.01	2.234627	15.066459	1.841898	6.119734	2.470656	3.067553	12.274693	7.17605	14.776193
5.830523	8.634608	5.339965	12.957721	0.014678	4.757486	4.952664	1.869191	14.505901	2.400519	1.026065	8.558917	16.759795	12.391966
10.241035	7.196176	6.96418	0.123127	0.021544	7.824537	8.048344	12.288935	8.127827	10.000679	7.418547	5.824246	4.891453	11.02937
9.459204	4.066433	12.275311	10.637685	0.031623	4.441852	0.202654	12.534938	0.919878	13.741443	10.642439	1.925394	12.607013	6.514133
4.517758	12.023922	4.232012	2.810006	0.046416	10.062006	12.243198	12.771948	2.271492	9.385533	8.468253	11.759717	6.747322	2.660418
6.672237	9.693196	7.299133	15.66201	0.068129	9.890249	2.654782	12.385456	8.063338	11.386779	2.577023	0.26328	7.97326	5.411128
2.48635	1.052852	16.978326	3.931509	0.1	13.786623	6.133855	8.82408	0.391835	0.421175	6.682261	7.986068	15.650851	15.574215
12.300627	2.671067	9.537923	12.205796	0.14678	5.282661	14.021514	5.253182	4.053614	1.965007	0.11394	9.587161	10.129341	12.731388
14.844526	2.158607	13.886358	2.560416	0.215443	12.233266	5.146129	15.637422	3.210382	4.375396	16.306724	0.930711	0.55582	7.938798
1.050147	10.399602	8.972453	14.103881	0.316228	3.277898	11.764376	12.134535	10.547036	7.275991	2.576364	8.227191	2.362745	6.991552
12.239047	1.706724	5.373492	12.607735	0.464159	7.720245	9.912781	12.392722	10.876297	12.5264	1.243674	5.252235	0.138471	7.546021
4.147481	8.860264	3.423031	8.689802	0.681292	1.212114	2.95919	17.12932	9.622155	8.567766	1.830162	4.278457	16.64982	11.949145
8.403733	6.592643	4.610506	11.176216	1.0	2.531269	10.979405	12.234523	1.047562	12.386706	4.374816	6.409918	9.847078	8.405628
0.071991	5.849469	11.594464	4.020535	11.252929	0.0001	11.582845	8.91427	10.111319	3.097579	2.333835	14.528755	8.846654	7.795256
6.518886	7.995112	2.487806	19.698969	6.937938	0.000147	0.905111	20.290488	1.30174	3.291891	2.500741	7.699511	3.10745	17.264211
6.02217	1.645308	2.967135	9.934015	13.530122	0.000215	10.008432	12.470295	8.183558	4.63589	12.262805	5.554145	4.254222	8.531687
6.569038	0.360237	9.761595	13.154414	9.815347	0.000316	3.240385	14.61235	6.382686	9.379008	3.416633	10.678625	3.210651	9.418716
11.877683	5.720511	2.32048	0.001503	14.376937	0.000464	14.098202	16.839901	9.046301	13.168279	0.123711	1.313217	6.668263	4.444547
3.950457	4.730029	4.119064	16.392728	4.039053	0.000681	14.47956	3.511806	7.03041	14.573473	2.046577	5.782242	3.153791	16.190128
5.337979	3.616177	8.673416	9.568325	2.146918	0.001	2.787824	8.799125	9.698516	7.229991	6.515535	13.386734	10.622816	11.615645
9.033528	4.187962	2.669719	13.710467	11.334817	0.001468	13.505978	5.189285	3.785306	11.043893	5.772145	5.564109	2.765105	11.436217
5.126496	15.142899	5.246025	15.702181	3.960376	0.002154	4.040009	1.598607	4.103691	6.36113	11.208945	11.026046	12.51811	3.963331
8.325878	7.612366	13.599272	8.631796	14.651583	0.003162	5.002374	0.876787	5.560355	6.230475	6.621403	11.585717	7.207261	4.09157
3.782015	16.800546	1.520662	12.013496	5.714571	0.004642	0.922284	4.217944	3.733009	2.943814	16.430446	9.306047	15.527188	7.083336
8.853735	8.952009	5.080968	12.773558	7.456477	0.006813	13.540918	3.069404	1.196328	4.910737	13.943581	2.323511	9.97305	7.918911
4.753029	9.420756	9.368064	6.507914	1.096502	0.01	2.417099	6.451465	2.177895	10.617958	16.927774	13.137799	12.630355	4.48339
11.115	1.426247	10.986495	0.629288	8.199548	0.014678	0.476233	9.713894	12.728864	6.791718	5.260827	12.830341	9.941971	9.884896
1.020092	5.279203	7.069882	11.965706	5.07286	0.021544	7.951837	6.613041	16.711413	8.271633	2.095611	12.575271	14.816499	0.535409
7.155938	8.329567	6.551952	9.026478	9.008992	0.031623	3.413431	6.186531	11.913944	5.37322	8.388862	11.921463	8.020895	4.677104
12.145011	8.420119	6.935242	11.569379	6.624296	0.046416	9.204048	7.183887	9.763477	4.086139	3.998095	0.888423	10.840493	8.294977
9.742776	11.400773	4.459323	4.078639	12.347756	0.068129	0.060744	6.907006	11.063391	11.554919	10.910233	8.069655	1.560174	7.776482
4.47026	12.026282	13.155029	1.492925	5.15695	0.1	6.263179	11.142797	0.002798	12.939918	5.596071	6.008373	9.043673	12.601744
8.652905	4.03436	0.44405	12.452587	12.696175	0.14678	3.974306	9.140184	9.465397	3.346025	12.277366	7.458054	12.970888	2.940923
9.384766	6.786848	10.514775	12.714024	0.411091	0.215443	0.745655	5.288865	2.954838	11.114248	12.335682	7.391789	9.907166	10.23481
3.512479	6.430073	3.623733	15.067838	10.108607	0.316228	1.441592	5.202915	14.847121	0.2812	3.59829	18.833858	4.531426	12.204639
10.46834	10.375162	3.774291	5.401928	8.446845	0.464159	10.787898	6.963122	5.789582	10.556802	6.489358	8.880585	3.663163	7.938765
1.702688	10.198132	10.836506	10.517683	16.172482	0.681292	3.974628	1.043444	0.607077	12.760654	5.223626	9.468944	13.023247	3.789596
8.055445	0.068234	3.055314	9.903935	11.59895	1.0	0.45538	9.706199	7.958573	13.058754	11.989377	8.197788	8.403275	6.548777
4.440001	9.547028	1.666965	6.726173	6.270497	13.233513	0.0001	3.10975	9.992253	12.518103	8.433151	9.412809	12.314732	2.334926
7.049012	6.595873	2.148699	9.36174	0.176451	9.640876	0.000147	14.190092	10.998183	8.70416	12.462496	7.991722	6.704306	3.976243
6.32027	13.981797	7.570487	4.230506	14.374966	4.550972	0.000215	3.141976	10.030264	13.093028	12.303735	7.013815	0.282246	3.105724
10.80561	0.416729	12.920188	13.516016	2.950469	11.031085	0.000316	3.155993	10.044229	11.03235	9.265688	5.054658	1.715248	8.09142
10.191071	9.154953	6.503763	9.050863	9.632754	1.636748	0.000464	10.976861	8.686184	11.132401	5.644685	4.960131	4.569578	7.859543
3.444169	3.352773	0.904148	7.637875	7.586493	1.354181	0.000681	10.063149	13.665364	10.088043	10.511733	11.824695	9.60693	9.959766
5.353774	13.634999	7.023287	4.137196	12.148569	6.490629	0.001	5.315979	0.071219	6.524011	14.141384	8.946667	3.692599	12.518688
8.539093	10.647298	6.431782	5.584152	10.974395	9.795313	0.001468	8.041429	5.941718	0.353488	10.068615	10.877109	2.624052	10.120087
7.215353	1.795285	9.579025	3.143371	11.479927	7.882083	0.002154	11.077404	13.155947	3.677389	5.667515	10.278455	3.277624	11.768467
9.763796	10.87996	4.638247	14.555521	3.216156	1.258663	0.003162	4.5636	4.158614	11.005536	5.191317	14.276717	11.26603	5.222681
13.507688	7.420434	1.022231	9.724831	12.820485	0.331478	0.004642	14.063996	5.782637	6.817005	4.703799	14.388444	5.052691	4.359638
1.208473	7.992378	10.918208	7.993576	11.17034	2.668461	0.006813	10.007863	3.402665	9.344084	1.650065	11.314913	11.05546	11.266701
9.787241	5.063867	4.956945	0.998541	3.998649	13.077335	0.01	11.061135	2.847413	6.007797	6.847806	11.938873	10.821673	12.582726
8.780537	8.731613	8.202771	8.438693	9.847007	7.78828	0.014678	3.827606	10.189633	9.654528	11.270647	1.156389	8.110662	3.986957
4.821725	4.258249	7.225732	1.300658	13.515248	3.93958	0.021544	15.501788	9.097719	14.332096	5.522699	2.951674	7.25619	10.255099
13.837972	8.273534	2.97004	2.499891	0.621892	12.582697	0.031623	13.228995	3.264741	14.207641	14.148963	0.65053	4.314707	9.366774
2.058616	4.38421	4.697776	8.98706	11.339828	12.342919	0.046416	13.587054	1.077933	9.257297	13.58751	14.228026	1.430671	2.974683
8.568572	11.006746	14.443539	0.90842	0.263549	13.006424	0.068129	8.833896	5.257193	11.839705	9.342342	7.136048	8.427404	0.898036
10.995709	4.965062	7.62141	0.480265	1.825871	3.745693	0.1	15.030417	5.431796	1.247601	14.747922	13.136339	8.080212	12.591703
1.247636	5.665785	6.976985	10.423303	4.985394	15.082137	0.14678	7.894499	11.30202	3.095967	3.047171	11.614249	14.273711	4.244363
0.735962	3.040596	1.300722	10.424522	1.496683	10.85132	0.215443	7.171576	12.859381	8.046402	12.045746	10.639961	10.002014	11.169672
11.877138	1.456102	9.415434	1.959871	11.620862	8.31077	0.316228	3.941657	8.32204	11.523691	12.331838	3.153385	1.455231	14.315752
11.735024	13.334869	5.255953	0.655507	0.369225	8.931352	0.464159	0.598603	1.562457	7.492288	11.87092	15.640177	10.242171	11.847295
5.073204	5.27169	4.678154	8.734194	5.864259	7.47697	0.681292	10.153229	12.667906	12.794456	6.680526	7.714916	7.942597	4.266607
7.444899	3.809138	10.533442	12.798181	4.830889	12.902195	1.0	3.810559	8.987334	1.643051	11.094185	5.443128	7.774082	7.928917
6.063359	0.440958	2.308338	11.190971	1.332834	5.483131	11.769163	0.0001	5.659446	13.401123	3.01162	10.124788	15.888695	13.325475
10.267734	0.813543	2.36047	14.322064	14.606083	4.059794	7.280322	0.000147	6.200799	11.898562	3.102255	13.794335	9.334628	1.959266
2.811603	9.39404	1.131934	4.06803	12.20415	7.526353	7.494702	0.000215	8.369458	13.040702	15.874727	4.076648	2.154391	11.853048
0.965112	7.254886	0.484473	14.654808	11.154017	10.934926	1.89317	0.000316	9.90139	10.387263	14.806284	12.604358	3.62225	1.336748
5.738407	4.05936	6.292396	12.141782	5.728615	11.16053	6.261511	0.000464	9.933618	1.548504	12.632857	11.941375	9.402581	3.158002
14.245946	5.960201	3.947801	6.526972	14.25944	3.030616	2.396164	0.000681	9.928931	4.087891	2.69325	11.306287	9.329262	12.286557
13.071486	9.045754	14.816787	4.100857	6.953699	5.818343	2.024367	0.001	6.430137	10.861007	0.114723	12.448598	10.392581	3.92066
2.215724	10.515024	8.806638	6.533806	13.033996	5.46462	2.820056	0.001468	3.597816	0.808823	11.681729	9.652939	12.420084	12.447279
4.633917	8.015923	0.355324	10.841253	2.888719	15.789095	6.592717	0.002154	6.121671	15.197357	11.670217	5.423433	9.086329	3.38189
7.759563	10.62235	0.473025	7.593371	13.636988	1.169687	2.344874	0.003162	11.458226	0.683883	7.889621	10.879586	13.699925	11.785738
16.345947	2.504527	6.089885	2.225049	12.312235	1.981653	2.402854	0.004642	15.624888	3.088092	13.260637	6.753358	12.818411	4.587824
6.043769	8.858956	14.702108	8.289008	7.931823	10.510955	0.648877	0.006813	16.546745	13.323284	1.228996	3.695924	7.228305	0.984437
3.568769	11.007813	11.676014	14.13155	5.001509	4.638457	2.415801	0.01	1.681792	15.504185	7.545699	3.115317	6.832416	12.870678
5.666301	1.821043	0.215774	12.776337	10.070589	11.487579	2.914954	0.014678	9.136137	15.44907	1.718272	14.183246	0.076928	14.469092
0.843687	19.056312	10.124709	6.435062	18.248164	4.677708	6.699236	0.021544	1.052749	2.458202	5.805371	4.490107	18.050444	2.036704
10.06722	14.216402	7.115723	7.930301	6.243152	9.80185	0.701119	0.031623	3.353123	1.037534	10.626374	15.262634	7.741445	5.871501
10.852486	12.75838	1.25074	15.909059	0.328395	13.907744	4.151907	0.046416	15.298485	4.06181	4.664623	2.002884	0.033918	14.733154
4.266384	11.008608	3.731499	1.275256	1.37591	13.036456	6.938153	0.068129	13.07982	8.252871	11.214498	8.744114	4.624381	12.383921
9.27337	10.264442	12.423036	8.007192	9.911321	4.977755	1.484211	0.1	1.375057	9.820264	7.625785	9.164766	11.09032	4.482481
0.681344	8.907136	9.78741	12.986065	0.969436	4.763381	12.934236	0.14678	4.300485	1.972665	8.956071	9.578634	13.035154	10.981201
9.410136	1.801134	10.712975	8.303608	5.362652	5.125858	6.269282	0.215443	8.496083	9.570885	14.709285	2.160575	10.377505	7.484581
13.158285	12.100803	5.839878	1.75864	15.564844	1.541242	1.153299	0.316228	7.327741	12.445245	2.448561	2.840853	13.882049	9.622333
8.061267	12.923656	4.862785	16.476125	5.255012	3.321472	4.208955	0.464159	3.185618	1.473147	8.182977	4.182036	13.712426	13.690367
13.47601	3.037701	1.992477	14.029806	10.229079	7.425038	12.224994	0.681292	5.079482	9.233895	13.061891	4.217798	1.460976	3.849562
3.692811	8.497236	9.230935	15.518555	7.270939	5.067521	6.999086	1.0	4.174429	17.697217	0.090132	5.211622	8.024688	7.524829
5.044058	1.304493	7.138965	15.802731	6.695751	7.443269	5.514938	8.329027	0.0001	5.236515	7.554239	5.997454	9.899564	14.038897
8.043664	7.663375	14.111393	9.76136	3.689179	7.618391	0.700245	14.809497	0.000147	12.312695	4.562913	9.295002	3.019479	4.412659
0.106295	10.350723	5.624279	8.997947	9.05677	7.093566	9.590044	8.943478	0.000215	7.822845	11.65141	3.741449	8.645797	8.375181
5.679341	13.495881	11.973507	4.620258	5.412265	12.902626	3.655062	6.568452	0.000316	8.70536	2.712862	9.881316	4.188947	10.203806
9.628167	5.200212	4.938671	7.328023	3.461001	9.343297	4.523238	8.723692	0.000464	9.022674	10.003198	10.737166	8.039996	9.050201
2.523069	6.63204	8.428324	12.43716	7.848586	9.641917	6.199972	4.226923	0.000681	10.129718	7.526317	12.213979	0.89369	11.297623
11.61698	19.759787	1.134372	7.519504	6.442952	7.676631	1.126402	8.270802	0.001	10.260213	5.732041	1.724286	11.128149	7.606882
11.748728	17.755215	4.658569	12.343542	13.135893	1.429179	4.804006	10.707138	0.001468	0.742349	10.018644	9.830235	1.897405	0.927629
6.325301	2.445139	4.595452	9.351535	15.985222	11.228454	13.607347	5.739945	0.002154	2.497481	0.459878	5.175161	14.685767	7.901163
7.50613	3.575895	6.40713	12.432273	2.004119	5.506289	6.328626	14.534649	0.003162	4.306408	0.251901	10.65121	17.783033	8.709175
2.881753	16.92593	12.315234	6.444583	8.286736	0.082871	2.86057	10.393931	0.004642	13.511269	0.970714	0.021367	17.119392	8.181006
3.207791	3.727919	3.084845	13.542826	13.138365	15.411496	2.77616	12.231555	0.006813	5.993242	12.042889	4.390977	9.539119	0.906003
14.752914	12.354592	1.242259	7.431344	1.677364	10.126963	2.886214	1.707481	0.01	18.715526	10.349206	1.496518	13.318266	3.931354
7.897414	8.303001	6.890573	1.49379	13.668839	0.290199	7.333983	11.711731	0.014678	0.75368	11.578185	13.172719	5.534836	11.356371
12.834799	7.861815	11.614059	0.971745	7.951852	5.878361	10.325567	10.865015	0.021544	1.399192	10.521015	7.650167	4.973177	7.131692
10.245798	10.896356	11.375564	1.526378	8.995958	10.787582	5.813239	7.24292	0.031623	4.138294	6.99082	11.977871	7.231664	2.745934
1.979764	12.136999	4.046858	3.444635	9.824516	0.387615	11.515381	12.654955	0.046416	6.395703	12.802293	11.256359	2.900934	10.607573
15.384348	10.306816	9.605209	2.699328	0.546994	0.612043	0.219648	6.418186	0.068129	13.54155	10.335966	3.838258	10.789403	15.634122
12.282632	1.761224	8.02468	14.855876	10.028077	14.828442	0.969659	6.847294	0.1	13.832009	1.777177	5.365383	8.964529	0.363017
11.511096	3.197682	19.547959	5.029272	4.435191	0.914116	2.485464	9.478494	0.14678	1.425855	0.039197	17.912488	17.536126	6.34028
4.900369	2.525688	4.859488	1.876054	5.32368	11.102149	5.072524	8.226736	0.215443	8.680865	14.43523	6.849261	12.959358	12.973155
6.92782	6.927399	11.735892	2.945772	9.653264	5.714173	4.770464	13.783827	0.316228	5.761532	4.243638	9.800791	5.097051	12.322147
4.711377	13.962747	0.315773	0.756127	5.242568	8.840508	6.244885	6.424116	0.464159	6.127923	13.213768	8.81426	8.139529	16.742261
11.565215	7.461835	12.724415	4.49229	6.051901	7.162569	2.482192	8.112238	0.681292	5.172801	4.777329	8.499547	7.807169	13.009206
14.152312	6.567597	4.235249	7.686646	6.021118	8.043834	8.016375	1.229336	1.0	12.252467	0.699622	14.139405	7.364257	8.59178
9.975177	8.742402	6.508072	9.976303	4.594388	9.837255	9.618683	12.302941	11.181907	0.0001	2.842068	2.289797	6.008256	6.122651
7.759812	4.41986	12.230471	10.646357	12.450882	9.03906	5.787055	3.650284	2.030213	0.000147	5.871028	9.70241	5.750777	10.661646
4.074284	2.382096	13.442782	9.332409	7.697537	12.561415	11.70334	11.373028	10.832918	0.000215	2.709933	6.443171	0.581102	6.865769
17.140763	2.753971	16.564023	1.527468	1.111559	1.081542	5.42792	10.629516	1.734785	0.000316	7.926487	12.227028	6.408667	15.465955
8.845786	5.885264	3.376606	4.646444	0.943385	9.371574	11.940833	6.569992	9.731906	0.000464	12.555599	2.982499	11.495669	11.653978
9.951386	4.230338	10.624453	12.389604	4.67835	5.612501	10.075132	9.899686	8.202684	0.000681	9.399715	6.264202	6.720645	1.950622
4.724482	8.334555	5.066139	13.840528	2.01701	8.402265	9.861894	12.901055	1.157318	0.001	10.890004	5.178167	3.642707	13.982876
5.330239	3.255688	3.171461	10.621117	7.880253	8.782946	10.70698	3.488036	13.034521	0.001468	9.814605	11.023865	0.876233	12.012587
5.374659	5.969359	0.42206	17.243943	16.90733	8.770169	8.93065	14.236384	2.538992	0.002154	4.848815	13.050404	1.621203	0.083877
16.070605	16.222374	8.181385	5.137814	2.387586	5.267087	6.349324	15.745337	12.771439	0.003162	1.926672	1.046448	1.559138	7.331628
13.982672	2.122345	6.264406	12.206174	13.582356	2.769554	11.062199	4.283972	6.920055	0.004642	0.190602	6.879077	5.869964	13.861982
7.732134	8.695373	12.527908	0.262952	11.954598	1.224052	7.268612	9.461063	8.05102	0.006813	10.99844	6.594861	2.730045	12.492129
4.062654	8.830748	5.366473	1.507942	11.896212	15.339857	1.768602	13.221032	6.192399	0.01	13.357815	0.003794	6.148911	12.29356
5.030204	2.801598	6.688183	1.624474	7.593043	3.50486	6.687502	12.268942	5.859011	0.014678	7.725904	15.302785	16.685407	8.213408
12.828552	5.376496	14.320648	3.64901	8.729817	3.902229	8.625463	13.600306	0.382894	0.021544	12.931428	4.382194	6.883753	4.365667
4.802921	11.276682	3.861048	5.581648	1.237018	12.217047	8.478135	13.010699	0.250944	0.031623	12.736277	4.559715	12.337583	9.618659
9.751198	6.437444	5.483297	6.398709	8.859597	13.741282	10.791386	4.108259	14.199978	0.046416	0.200009	0.070789	12.912958	6.998678
12.900357	8.338157	13.926899	13.891486	11.00607	10.502393	15.975437	0.287295	0.011093	0.068129	0.382502	11.395155	0.981924	0.333103
0.18903	17.248469	8.300074	7.41983	13.843727	2.461469	1.910624	8.018195	13.059139	0.1	5.314525	1.282072	3.763867	17.088978
14.461452	16.442915	0.112567	5.084139	10.860614	11.196139	3.935371	3.023728	5.134608	0.14678	6.827099	13.599262	0.843832	8.331494
0.725233	0.573791	10.261664	11.997598	2.294965	14.561949	5.957752	12.283419	13.189118	0.215443	12.500616	4.928181	1.810392	8.699878
10.46201	9.995187	5.633232	7.717435	12.628593	8.821344	4.723945	8.926118	1.172957	0.316228	3.929022	14.105993	2.339265	9.228671
4.08862	6.343753	1.401538	6.355292	7.251802	11.103615	9.28759	11.820995	12.314201	0.464159	11.625498	8.888389	0.800652	8.253894
3.111335	12.065583	6.059867	2.65304	16.64403	4.050528	16.665161	8.117758	0.940107	0.681292	9.979515	5.171861	1.173633	12.68629
8.00444	6.027495	5.236229	4.682441	13.214725	12.590659	5.345707	12.358191	1.49548	1.0	7.012908	8.174255	5.802119	9.055351
10.745282	4.20559	12.080994	12.665358	2.274477	12.35564	9.701808	7.964569	3.421335	3.127771	0.0001	3.135283	9.26315	9.058645
14.598783	3.801525	0.963966	16.024313	1.623892	13.641535	4.50918	10.424304	1.203974	6.444572	0.000147	5.507414	7.681309	13.575087
11.554871	6.156505	11.862696	0.139468	5.149441	4.778541	7.938553	0.985053	11.622746	6.636381	0.000215	11.391849	11.627166	10.156515
2.096051	4.446296	8.364407	0.711548	11.954071	2.157083	7.40552	6.092179	14.270466	11.403527	0.000316	13.046133	9.682439	8.369963
10.785725	5.863231	5.110434	11.532903	5.540941	10.757636	9.082441	3.907685	0.901405	10.888785	0.000464	5.469492	10.778052	9.380805
0.454036	2.105871	12.640293	4.736578	14.685416	4.595121	5.151991	14.718222	5.060046	7.577593	0.000681	13.734953	6.903089	7.636109
15.992766	12.563	0.681558	6.716645	7.212689	4.666053	9.001169	5.51592	9.153604	15.656646	0.001	0.931296	8.197548	3.710106
12.062584	12.442337	3.588294	2.713233	3.430178	10.309525	2.924695	12.108084	10.046316	10.562382	0.001468	3.673976	5.776106	10.360823
0.153018	11.068496	11.369116	5.258777	6.2503	10.706486	7.695676	6.237757	12.527295	8.958196	0.002154	3.701523	13.882724	2.188481
8.635019	3.865588	4.879855	5.499454	12.549537	12.529053	11.889738	3.986184	13.864846	2.595929	0.003162	10.927243	7.053304	1.721088
12.433792	8.475077	4.857078	9.947701	7.414438	9.832797	8.057433	5.468489	5.991441	9.248777	0.004642	6.331837	8.828989	3.10751
8.079241	13.828379	6.740961	13.817842	1.37341	3.157926	13.854174	14.069712	6.430093	3.855747	0.006813	2.411884	3.793385	8.580432
0.936431	6.773032	9.020389	12.905617	2.212735	13.115419	11.728624	13.453048	2.950441	6.451555	0.01	1.416858	6.41172	12.614132
1.899321	4.172639	4.373618	11.305142	10.549239	1.985996	10.712227	5.195664	8.040361	11.541439	0.014678	14.90477	9.941661	5.363246
7.284767	16.903115	10.962385	0.974332	1.301049	5.255247	14.713658	2.096124	3.593089	17.231048	0.021544	6.98263	6.063878	6.617131
0.854221	10.505622	16.135362	4.96118	2.791448	4.458177	12.453988	2.409101	10.029851	3.81427	0.031623	8.882106	8.287654	14.385396
11.459509	11.471386	11.161434	8.451776	9.825097	0.41724	3.837947	3.130767	3.995393	7.944279	0.046416	11.715436	5.747442	10.795877
0.082836	0.962138	16.045261	16.941376	1.621841	15.443717	9.789425	4.058764	12.857491	6.331112	0.068129	5.778728	9.224243	0.794939
8.519565	7.374764	9.887653	8.314368	9.198723	9.735771	7.523595	10.435462	4.778215	5.659614	0.1	9.826294	8.057868	0.588107
9.573549	6.877456	1.716728	7.207865	3.267751	7.967432	4.280225	13.874392	6.699342	12.208006	0.14678	16.886399	5.812783	3.48129
5.377856	14.513653	9.798318	8.471156	3.899648	14.15557	10.445304	5.608162	10.796904	3.929153	0.215443	5.631696	6.260648	0.896489
11.304123	7.460816	12.742986	1.329995	6.932812	7.258979	13.119649	12.282305	2.263469	10.994975	0.316228	0.962214	12.530367	0.501082
19.866733	5.128042	4.438229	0.483516	0.261531	14.921666	11.346601	4.31552	13.900966	5.448018	0.464159	16.980739	2.132335	0.311947
9.840753	13.659077	3.571935	13.776258	5.917769	11.93785	5.64789	5.193981	2.437898	3.799844	0.681292	13.221645	0.522601	9.791207
12.272876	15.294412	8.756149	2.969069	2.623828	4.637795	0.321607	15.017757	5.91704	13.276751	1.0	2.611148	7.676181	7.625388
0.391649	2.775858	10.166244	18.8449	9.386355	7.161618	5.799018	3.101748	1.514179	14.860391	2.908493	0.0001	12.89544	10.194007
3.220729	2.418728	8.848336	6.953763	10.837042	16.916579	4.57115	3.27929	3.798458	1.637266	13.365783	0.000147	12.327162	11.825567
7.604018	13.863614	14.822525	17.121823	4.593943	2.802702	0.844663	2.19308	5.872825	4.876006	4.433541	0.000215	13.345829	7.625214
11.440503	11.296584	5.210317	1.528753	2.875081	10.282834	4.434082	10.516973	6.214798	6.240722	6.146447	0.000316	10.14843	13.664161
11.442806	8.112019	10.798992	12.027262	4.507073	3.755288	7.537323	6.058434	5.264139	9.633907	2.907988	0.000464	6.789541	11.164764
9.519928	11.645405	10.537071	2.378428	5.198126	5.936292	5.165797	5.419784	6.738465	6.677153	9.037063	0.000681	12.993326	8.75248
6.51575	12.048716	0.434978	8.308142	10.506251	9.906378	4.342189	7.615627	2.873404	9.997671	2.256264	0.001	13.056762	12.136868
13.845726	9.113371	12.476861	6.941128	4.950218	14.501033	3.77356	12.185301	0.961627	1.645131	2.807051	0.001468	13.495881	3.301644
13.752387	13.444349	6.694567	6.583467	6.78423	6.796266	4.097718	1.044604	6.241806	5.401851	7.554847	0.002154	10.793204	10.808551
1.198029	0.740337	13.33498	3.514857	6.167225	11.807763	10.7093	5.528527	7.223304	11.449666	13.503277	0.003162	13.945649	0.873924
13.288871	4.3104	2.711954	3.915044	8.991363	9.24679	13.18769	12.049174	11.158835	1.428815	11.228567	0.004642	7.312212	1.165643
7.641333	2.977918	6.408403	5.129626	6.231689	14.113692	9.913771	4.127626	8.300812	13.658814	7.950617	0.006813	4.956325	8.58256
8.796225	5.218343	5.970043	0.285813	1.672282	8.231401	6.520764	14.146349	10.482855	9.898048	9.079377	0.01	5.690758	13.997743
2.142792	15.673198	3.862733	6.753395	7.129833	4.849936	15.532052	5.936832	0.562801	8.75793	9.176278	0.014678	13.38514	6.222403
6.548973	8.923873	8.462177	5.541327	9.921246	0.045259	14.293365	0.340129	5.651567	14.856697	7.82489	0.021544	7.654899	9.914055
13.175931	2.680889	12.620102	13.13259	1.125641	9.44764	5.480207	10.385577	2.611098	12.517714	4.95202	0.031623	1.439518	10.399452
11.358984	12.067908	4.201537	11.157835	5.882351	2.6144	11.062832	6.318851	11.738938	5.879429	3.905585	0.046416	11.787348	1.977589
19.363883	7.346046	15.080853	11.579421	2.970353	2.712111	12.113042	14.442087	1.262433	0.242086	9.748078	0.068129	2.934635	0.136844
3.182775	5.511219	17.629082	3.595278	14.271536	1.071966	9.526337	11.081822	12.547437	2.423648	8.365333	0.1	8.891348	1.80222
2.787884	5.376713	7.179028	4.714138	0.275789	17.900869	0.427377	3.283446	15.531211	10.358928	14.504541	0.14678	1.488679	16.024617
6.73894	12.667026	1.114353	10.769622	10.53031	1.121882	10.707114	10.624372	2.821444	13.981913	13.962919	0.215443	1.764736	2.979925
3.068468	14.880825	10.108054	8.441259	9.918271	9.039484	2.57111	9.242691	1.414842	9.661761	4.74281	0.316228	4.148837	12.445361
6.630119	5.126743	9.885679	7.558724	6.665759	11.177898	4.841293	5.300167	8.098183	8.938584	10.817513	0.464159	2.1644	12.330779
7.557017	6.620473	11.002847	11.326178	0.772446	8.631473	12.770458	14.511575	2.554055	2.303181	6.269888	0.681292	7.365052	7.634064
2.793774	7.253477	10.148694	1.456534	9.166794	7.107279	2.254828	10.718196	12.521282	8.652291	12.861233	1.0	10.821201	3.244416
2.278467	4.520471	10.242648	1.597456	9.096823	6.184083	4.928893	14.223772	6.055488	14.349327	11.507398	12.831131	0.0001	2.183945
1.57018	6.859898	10.338563	0.017595	10.358409	4.529795	2.983197	5.920431	8.558415	10.496437	14.794307	13.811299	0.000147	9.761328
0.56649	16.321119	6.526897	10.718504	15.125482	3.642386	2.460754	5.260775	8.329092	10.872542	4.617566	8.537162	0.000215	7.021015
11.485554	11.535363	6.562357	4.585332	10.651007	1.918833	1.839452	11.197798	9.968404	7.326702	0.86774	9.649909	0.000316	12.411234
9.813804	7.151151	2.147867	8.863061	8.204679	11.450261	7.40637	5.587475	12.993265	3.91269	7.35714	5.062051	0.000464	10.049722
8.861151	9.710437	7.317542	11.126612	1.386496	11.253701	4.820797	9.300524	6.81784	10.359149	1.725594	5.812747	0.000681	11.50673
3.895439	10.225597	3.423703	6.815163	10.057763	10.054005	9.591481	9.953701	3.737728	9.395839	5.873071	9.659485	0.001	7.316025
0.724509	10.085907	11.62546	11.365729	2.716268	10.701851	11.569224	2.988982	8.79547	3.875994	12.397029	5.863319	0.001468	7.288791
6.429458	13.227286	6.424379	6.777253	6.507766	3.136554	11.142301	11.130904	6.190744	2.525004	15.153814	4.305326	0.002154	7.047057
0.796662	7.5504	13.958175	10.743187	8.874804	6.369932	2.089491	4.24532	2.849269	12.052926	12.9677	7.600189	0.003162	9.898781
6.416337	0.57557	6.573997	7.989967	8.814644	13.97476	6.852732	11.301971	9.050187	5.103844	8.193485	9.41451	0.004642	5.733355
