CD4	CD8	nB	NK	Mn	mNeu	m8	DC	Eo	Tr	m4	Mg	Er	mB
1.0	5.661453	10.318139	10.996509	0.426766	10.563407	6.433408	7.906939	12.581679	10.852383	10.677178	1.268278	6.390209	4.923653
1.0	2.238591	9.159103	9.28598	8.606853	8.09584	7.770104	7.799321	6.184645	5.335987	7.882824	10.695255	5.29187	10.653628
1.0	0.568713	10.412747	1.27976	9.80915	8.448132	3.346066	11.757636	11.577097	3.150083	9.550756	8.878296	9.449285	10.77228
1.0	7.90827	13.52695	2.139205	4.828015	10.072868	7.219059	0.318024	1.327974	10.095489	9.138728	5.265974	14.278481	12.880962
1.0	12.350569	1.745057	9.674024	13.2392	4.763277	9.838966	9.162547	8.91367	8.796844	8.653511	4.155687	3.230291	4.476358
2.0	14.227565	0.588603	3.319477	15.373935	5.149254	12.273607	10.378249	7.193798	6.449071	0.593626	8.9489	5.158544	8.345372
2.0	5.827338	9.940723	5.135246	10.18955	7.641623	5.891168	7.125592	2.223645	12.588416	2.544558	12.958126	3.519819	12.414195
2.0	5.330074	7.542211	11.051322	4.199014	7.233666	8.479016	3.451359	9.704797	10.813786	5.02113	11.643998	10.261332	3.268295
2.0	11.550014	3.531034	2.207289	3.217785	12.502203	14.775078	1.277104	1.480737	9.655161	11.515245	5.674143	9.612141	11.002066
2.0	8.38754	10.042513	9.651384	4.723124	15.835489	12.859642	2.413245	0.831786	0.433119	6.533177	12.914584	10.239426	3.134972
3.0	6.946374	1.272645	11.013082	6.39051	10.874247	3.714908	10.647127	11.175744	8.978887	11.401111	1.942935	10.746352	1.896077
3.0	8.451509	15.225797	3.533514	8.278997	8.449439	6.594631	6.524106	8.279429	3.396074	3.857551	6.164975	12.04725	6.196728
3.0	14.477543	3.603549	0.631858	1.601865	9.14553	2.901165	2.127309	4.221533	5.639079	11.902242	14.229486	12.191968	14.326874
3.0	8.236795	3.658587	7.507871	8.769402	12.620466	8.360892	11.903059	9.595629	5.387323	9.464647	8.907227	0.162492	2.425611
3.0	10.506378	0.828638	10.757105	0.662706	3.538786	11.624884	11.802699	2.404366	10.526725	1.32593	11.125401	11.802041	10.094339
4.0	1.35535	1.37237	5.544544	12.180224	7.818492	4.922523	1.582793	4.199362	28.31207	6.273676	4.882498	8.990731	8.565367
4.0	12.551002	6.678584	11.060736	10.359624	3.834495	10.450451	7.440907	7.682706	0.572828	5.618649	0.145953	11.862921	7.741143
4.0	9.607721	4.502741	5.630814	11.681318	0.084081	10.469834	4.024389	9.885755	7.467659	7.554739	6.185311	8.095941	10.809697
4.0	9.834237	5.918519	0.114577	11.068377	11.982573	10.070998	9.673864	6.916836	11.935219	8.791756	6.107219	2.774678	0.811146
4.0	4.750549	0.321826	16.804827	18.066743	11.023461	5.305676	4.270713	9.907277	4.001514	7.155655	0.422274	4.63437	9.335115
5.0	10.072224	4.305682	2.278703	5.891368	3.748933	12.460905	9.791999	3.814943	9.234545	14.282932	4.596505	13.197076	1.324184
5.0	6.134406	7.23722	3.303682	0.643716	7.145797	13.302981	7.084146	2.05918	10.785966	13.099408	14.07193	7.046839	3.084729
5.0	15.238992	3.360091	1.057749	10.953932	4.925288	11.761359	11.339695	2.406274	9.582664	3.625975	3.487632	0.607468	16.652879
5.0	5.378245	12.78373	8.389318	10.232923	2.285598	1.451995	13.729086	8.937189	8.01538	14.616711	4.158031	4.591349	0.430445
5.0	7.57195	10.202026	12.420987	6.530642	9.381261	12.229358	1.71948	14.344579	0.57629	3.35337	6.462669	5.285004	4.922385
6.0	0.600073	7.348478	14.208494	0.819228	12.785518	1.586583	13.08948	1.568368	4.803116	6.468194	5.855708	11.087861	13.7789
6.0	3.198548	4.405722	11.875307	10.837665	2.653419	8.384587	2.892531	9.670257	10.408199	8.901776	6.499465	3.437887	10.834636
6.0	5.19914	13.422883	7.816878	2.749688	9.249144	2.428707	7.742939	6.070822	10.368811	2.179637	1.705986	14.303863	10.761501
6.0	0.651049	10.000552	15.229321	13.246883	5.09627	6.043098	5.897889	3.564557	2.816323	4.447657	14.955364	6.407293	5.643744
6.0	6.938805	10.864147	0.708228	5.607487	4.9759	8.410443	4.612594	12.467044	9.697542	7.768336	12.765057	5.176651	4.007767
7.0	5.858086	4.651946	0.846926	2.148461	6.847142	15.57845	7.256246	7.881563	7.054011	11.25707	6.995478	15.593982	1.030639
7.0	10.428768	2.88241	6.531925	9.379669	1.391998	12.627661	5.227038	11.863822	2.289466	3.650247	8.775498	2.320145	15.631355
7.0	8.988501	10.250605	0.608937	13.02502	1.313172	2.252887	2.089357	12.909492	11.353353	9.835892	5.197046	1.689673	13.486066
7.0	13.60947	11.584708	1.563424	4.285832	9.55561	6.038605	10.530802	6.776681	7.380283	0.58362	11.523348	6.213488	3.354128
7.0	13.037352	7.972231	3.346511	8.0968	3.695389	4.742737	9.503486	9.495824	0.962258	5.675238	10.740697	6.694392	9.037084
8.0	12.991317	1.152127	2.361261	3.766069	11.554967	12.082305	6.078355	11.657721	6.809626	7.402614	2.007376	6.364432	7.77183
8.0	13.131741	1.323166	2.45726	7.354508	0.014919	4.846689	7.698668	6.481732	10.346926	6.385252	4.693105	0.375374	26.890659
8.0	4.320175	8.753143	14.498468	4.686112	2.541563	12.264827	6.352754	10.153603	11.307801	1.272888	6.453403	3.242135	6.153129
8.0	3.156656	3.350239	10.352764	0.74317	3.73585	5.724184	9.210729	11.549476	8.961835	8.614523	5.953999	10.667364	9.979212
8.0	5.9499	8.872486	9.150584	3.218373	5.664201	4.212073	9.383008	8.504597	10.09112	3.610797	7.118565	9.403763	6.820532
9.0	11.748651	1.178625	4.460833	7.992086	10.885052	3.128304	12.231209	4.512427	7.045048	12.808127	10.285095	3.077028	1.647514
9.0	3.491731	6.283213	0.666242	4.992592	4.263304	4.077907	12.350745	0.985407	10.056502	6.652869	12.445782	12.69691	12.036796
9.0	11.328992	2.145368	9.228309	8.60195	9.196131	7.551665	4.194148	7.781094	12.843872	11.365694	0.969164	0.249496	5.544117
9.0	6.176036	1.511844	7.346821	10.112829	3.483158	10.611857	3.691369	7.288143	5.528043	9.863701	7.433465	8.290669	9.662067
9.0	0.289395	6.609821	4.298893	2.654462	8.408416	5.717298	9.171001	8.196706	12.100432	8.322695	2.920844	12.632476	9.677562
10.0	11.156609	2.998924	8.49512	5.920435	10.608686	0.664086	8.428042	9.552196	2.778091	5.596414	11.286858	11.736958	0.777581
10.0	10.579998	3.312259	0.999968	12.357194	4.691542	6.419689	11.900303	8.864096	1.607981	6.626314	8.644167	10.316217	3.680273
10.0	7.783304	11.703208	2.591154	9.821046	4.583742	11.266374	11.420974	2.798237	5.808361	6.897605	3.346508	7.307907	4.671579
10.0	3.745281	3.889519	12.30788	7.351715	9.891264	11.0484	6.590976	7.57423	9.168263	2.801651	4.456709	3.720171	7.453941
10.0	13.357528	5.808792	1.684593	12.205144	5.589281	3.354834	13.516994	9.194142	14.20619	3.605919	3.488872	3.813671	0.17404
5.54117	1.0	12.871781	3.407135	6.890155	3.078896	9.33643	14.522863	3.223991	8.526049	4.467168	8.891109	11.44171	6.801544
8.122279	1.0	8.725001	7.450054	0.27166	11.587055	8.511253	11.466118	4.452571	7.481715	7.733125	11.238092	2.940197	9.020878
3.412241	1.0	5.243186	6.414918	7.195603	3.118139	3.845944	2.498414	8.865476	14.364945	8.828001	15.276996	7.433037	12.5031
6.443117	1.0	8.964944	0.871146	13.243425	2.79094	5.053179	1.738955	14.248122	15.772326	11.858074	8.841112	3.767992	5.406667
9.517392	1.0	9.804854	7.541565	11.112152	6.458518	11.27923	12.041582	6.792031	2.243515	7.552403	5.808002	4.000086	4.848671
4.673956	2.0	7.165817	13.640386	0.397752	12.795408	22.345686	4.111565	5.317669	5.732827	10.517831	4.038545	3.248592	4.013967
12.850894	2.0	8.136261	3.190435	11.262336	9.519967	10.169409	7.541661	0.607071	7.697366	12.111615	4.09292	4.639282	6.180782
12.82088	2.0	9.310425	0.199401	3.310998	3.284922	7.068905	13.26223	11.836016	7.37458	4.682608	10.215642	4.16267	10.470723
6.289802	2.0	10.907378	0.178009	12.815895	13.068951	8.153739	3.117013	10.324868	13.210734	11.602203	1.306151	4.27346	2.751797
11.307641	2.0	9.26004	3.317586	5.913298	2.717239	8.586813	11.295264	1.419123	7.703238	11.388206	12.13628	4.049772	8.905499
7.750593	3.0	5.507946	10.902989	1.383537	7.893114	12.595781	8.641465	12.175283	3.945875	5.06727	3.038636	11.340882	6.756627
5.349496	3.0	0.537174	14.274492	14.848962	12.22727	11.891059	4.324021	0.291792	15.038251	1.867755	1.02623	4.183012	11.140487
2.969772	3.0	9.610249	0.174089	9.283619	8.124984	13.385401	10.149201	5.301875	10.890178	9.019242	11.591864	3.03541	3.464115
3.053932	3.0	3.695426	6.836083	9.79089	13.103396	9.913666	11.241173	8.7146	19.925069	0.54481	0.089563	0.763978	9.327413
3.994881	3.0	13.984487	7.962706	0.435794	12.654934	5.280243	11.895475	5.455386	11.535153	7.075194	1.63672	2.994721	12.094306
1.886603	4.0	1.474601	12.251041	1.051296	11.112629	13.008942	6.532544	14.760365	0.518716	8.76475	2.396399	11.788077	10.454036
10.279039	4.0	3.864692	13.38286	14.32061	1.183574	7.359596	4.667241	12.045196	12.787497	3.827903	3.064077	8.862774	0.354942
1.567694	4.0	10.532928	8.62585	14.89063	4.391044	10.292097	11.453507	3.164566	0.955823	9.95343	12.037651	7.592318	0.542461
3.667393	4.0	5.989184	12.299926	5.225741	6.790703	2.148416	12.174287	4.632657	10.62835	10.317551	8.90294	11.202677	2.020176
9.62399	4.0	16.798771	0.075259	8.888586	2.605229	4.919317	0.756356	12.153629	9.595437	2.073781	14.57203	2.870271	11.067345
10.741244	5.0	6.301086	8.586115	4.072046	1.603758	11.206565	4.108521	12.393655	10.136963	5.259815	4.857469	4.481908	11.250857
14.349545	5.0	2.339861	5.433323	3.772652	15.431456	0.819584	16.242367	2.621031	14.953122	1.312346	11.217154	2.146367	4.361192
7.767209	5.0	0.046116	14.997658	12.680475	2.688555	13.448615	2.346631	6.873268	0.410622	11.734358	6.976325	9.806734	5.223434
13.875723	5.0	13.573634	4.677929	12.062882	2.739314	4.483385	4.865613	5.276109	9.470644	5.905081	11.201786	4.969188	1.898713
13.067387	5.0	0.31149	3.842966	12.541218	0.219355	12.498671	14.90006	6.787107	2.341894	2.531851	4.631652	14.316856	7.009493
5.626063	6.0	6.082995	6.532989	8.657149	12.593085	8.512185	0.9071	12.787053	6.176085	5.607822	6.852799	6.95298	6.711696
10.618778	6.0	5.205078	0.263228	1.465361	12.492723	13.643199	1.430703	9.780546	3.999445	6.097586	6.312871	6.492393	16.198089
2.486775	6.0	3.512839	12.615978	14.747852	2.973463	5.996866	6.882107	3.729074	10.175249	3.058274	11.742841	7.432554	8.646129
2.916809	6.0	4.837371	12.395384	11.244732	7.941287	9.689922	4.996033	3.957438	11.86267	1.107697	11.111825	4.832917	7.105916
2.519054	6.0	0.721642	0.161058	4.822569	8.525025	11.526863	8.888804	0.373082	13.433283	12.812926	12.866011	9.397394	7.952288
10.724794	7.0	2.541734	10.320841	0.356102	12.125689	9.96552	4.930348	11.082236	6.33954	7.94161	2.649178	4.674334	9.348074
2.585933	7.0	7.692911	7.415511	7.628729	5.593298	2.866336	3.896025	10.168408	12.925752	8.079969	8.974277	5.843323	9.329526
0.35897	7.0	7.630469	13.418936	2.608615	11.040132	6.835824	3.197184	2.180147	13.573995	4.135377	10.523179	4.428217	13.068957
8.616612	7.0	6.125075	10.495276	6.361594	8.770745	5.21278	8.988202	9.206774	8.83788	5.525527	7.197439	5.309068	2.353026
8.151263	7.0	10.975535	5.322648	8.351253	8.228806	6.137874	3.813122	7.313957	2.749511	1.640769	3.082978	12.276287	14.955998
10.382634	8.0	4.483612	13.048054	4.544405	9.230544	1.071849	2.583324	6.887752	14.360475	9.393319	10.264408	2.483415	3.266209
9.331835	8.0	4.825017	8.961928	8.077993	9.630533	2.161876	2.183246	10.115911	7.091771	8.962755	3.673386	8.469801	8.513949
8.815545	8.0	10.418806	8.907703	7.749956	10.147999	12.358513	3.254278	8.706803	9.353779	0.930982	6.235111	4.282419	0.838106
2.287186	8.0	4.923332	7.160303	6.691373	15.805508	0.592388	13.161971	3.725281	14.815936	1.35072	15.443023	4.024738	2.018242
3.446938	8.0	5.248373	3.64069	10.010462	4.036861	14.030629	12.116786	6.285776	13.060825	0.304705	0.466977	13.378622	5.972357
0.822283	9.0	3.302046	0.762117	15.24534	12.323968	5.264776	2.105391	5.699192	13.157403	7.873484	13.214769	0.432621	10.79661
11.772665	9.0	1.867111	2.589721	9.144819	4.847459	11.466247	7.439438	15.58012	1.154338	5.690423	13.346834	4.286693	1.814133
2.323187	9.0	9.050999	4.883333	3.375349	5.962745	11.316338	0.834144	9.573716	11.505245	8.332611	6.665915	8.840521	8.335896
7.906184	9.0	7.861959	7.76091	8.448654	8.835856	10.090354	1.365479	10.335604	10.70097	4.071852	7.559699	1.070386	4.992092
6.274345	9.0	3.417518	11.823032	12.498402	6.48694	5.699837	1.862042	0.2029	9.893353	7.98523	12.888758	5.174278	6.793365
4.59919	10.0	6.215755	12.96845	5.281231	10.113695	5.480074	2.805354	3.954879	6.022552	7.747017	12.040734	5.453417	7.317652
5.110281	10.0	10.984545	7.94598	4.384138	1.526405	9.909035	6.937837	13.165122	7.154097	0.288279	11.85092	10.549495	0.193866
6.891486	10.0	8.597011	6.984584	3.511821	8.151985	6.27758	10.509735	10.731553	3.595661	2.516946	10.811635	6.251589	5.168413
9.660145	10.0	6.221761	8.716149	1.064877	7.180554	0.842854	9.481071	11.308712	5.883378	10.274812	3.153953	5.532723	10.679011
9.885498	10.0	11.043465	11.298564	2.452472	3.470141	5.38386	11.391619	7.989244	5.355534	11.467022	0.930819	2.429042	6.90272
5.841907	5.308182	1.0	12.589624	5.168085	4.392509	12.787379	6.656572	1.839204	12.018297	10.735194	9.497257	5.237323	6.928467
0.900146	1.59006	1.0	12.754122	11.877471	11.731871	13.772598	10.618172	11.439352	6.93837	6.898487	0.018033	3.963053	6.498264
16.332859	4.209618	1.0	5.673265	8.716259	5.432922	1.325741	0.001758	13.936708	15.782478	6.340624	10.041118	7.127021	4.079629
11.253806	7.847073	1.0	2.630843	15.614617	1.362444	1.704432	1.910361	3.176926	16.721913	11.175288	7.860477	1.739903	16.001918
6.698514	10.05995	1.0	3.72628	11.230973	11.869108	3.74129	8.333354	11.475008	13.210581	8.134756	1.077913	5.404664	4.03761
12.226348	5.624297	2.0	10.468055	7.22039	7.249047	4.551189	7.717195	11.792065	5.828303	0.868875	3.057676	10.227879	11.16868
0.39276	1.745348	2.0	4.960048	11.354165	11.305663	20.802442	10.907604	0.31681	8.878328	3.558537	11.538678	0.851769	11.387849
9.272431	12.872035	2.0	4.873285	5.520157	5.74977	10.849624	2.954295	1.892402	14.772398	14.456152	0.277514	11.041789	3.468147
8.717395	12.44188	2.0	8.36509	6.580764	3.679393	2.16817	3.14958	3.652751	13.160805	12.444907	14.070434	1.522977	8.045854
6.494812	6.239973	2.0	8.032377	2.999677	7.226884	9.934868	19.602592	20.450987	5.481497	4.966803	2.701208	1.827556	2.040766
3.469789	4.829771	3.0	11.903758	0.060816	4.598861	2.983024	12.480494	1.573242	17.844245	18.997363	0.021957	15.193172	3.043506
12.825321	0.534799	3.0	14.997374	4.956117	5.630763	10.267864	5.037101	12.444752	1.816798	15.471211	8.732162	0.236341	4.049397
11.79416	1.458043	3.0	5.810883	11.865803	4.989842	3.430056	5.988981	11.670667	2.504676	7.661269	10.695316	8.629493	10.50081
6.513112	15.005019	3.0	4.57899	15.73222	8.784524	0.526403	3.263459	8.626048	10.823535	9.766496	8.743088	4.581402	0.055706
3.655941	14.530991	3.0	8.871035	0.058343	7.186636	11.841854	8.451539	16.220433	16.688444	3.241841	3.078034	0.809931	2.364978
3.299959	1.338963	4.0	6.324737	10.137431	10.188657	11.747486	11.74041	8.66749	6.234598	14.156284	9.712088	1.559163	0.892734
1.063705	17.557782	4.0	1.624336	5.583678	5.85713	1.739913	9.05382	17.623593	7.163172	6.323219	9.108351	7.466794	5.834508
2.346759	10.021511	4.0	9.981039	5.933307	9.508271	11.54058	3.637257	12.434761	4.133891	1.237292	10.794323	12.124426	2.306583
10.790776	10.177738	4.0	11.487218	5.065209	3.588248	9.424336	3.009721	7.764854	11.523222	3.26592	4.006554	11.029374	4.866831
10.78524	1.715545	4.0	3.578242	5.814741	8.266016	8.045718	6.592355	7.326614	6.472794	9.697266	12.592506	7.10499	8.007973
13.962208	3.31948	5.0	0.161879	7.320319	7.115968	5.781734	5.455814	8.34598	10.141458	15.273747	10.482374	5.374198	2.264841
10.456936	4.338098	5.0	1.891248	10.383865	2.350123	8.434368	3.995271	8.659824	3.713365	2.167786	13.097335	12.024661	13.48712
4.360093	11.647939	5.0	1.513645	7.108511	11.806779	9.273899	0.131673	9.286375	7.375805	2.719032	11.829702	9.433701	8.512845
2.071539	8.679767	5.0	1.37729	10.930302	3.102186	9.175638	5.402976	10.839981	9.964273	11.872058	0.824098	9.2554	11.504491
17.540219	10.916821	5.0	7.984673	5.292596	3.711604	18.373971	5.495163	0.189269	3.138213	3.639945	6.005638	1.312026	11.399861
3.79905	2.604646	6.0	10.93768	12.024777	2.854128	6.485236	9.870659	11.098366	4.675413	4.734831	10.831038	6.690549	7.393625
12.523827	9.089228	6.0	2.399694	12.786512	11.349997	5.386891	1.112665	0.519302	12.706641	10.632418	11.291643	0.221912	3.979269
2.957225	7.734166	6.0	8.11383	2.463186	18.869404	3.530866	10.505987	12.091813	2.982018	4.399991	5.759696	9.967854	4.623963
5.008983	10.153202	6.0	12.09368	2.197552	8.763764	6.414158	10.962071	9.918855	6.267173	2.112445	14.719061	4.194083	1.194971
7.656603	12.265804	6.0	10.059568	10.51718	8.878522	0.714009	12.122573	10.217584	2.871344	10.640896	5.389267	1.738521	0.928129
2.951633	1.114039	7.0	5.172723	8.252059	9.760888	13.301498	1.308959	8.43218	14.133486	3.494004	14.509093	1.410165	9.159273
2.756539	14.798128	7.0	5.089692	15.156483	5.29961	13.067168	2.468579	9.268177	5.274824	1.266698	12.160946	5.438632	0.954525
9.690913	8.67898	7.0	4.620739	8.387194	5.293467	2.893963	2.793379	11.835551	10.366665	10.129097	11.563741	0.20441	6.541901
6.314172	1.303559	7.0	11.419141	6.427598	9.111533	4.84071	11.755822	6.138749	2.090557	6.383011	5.712613	12.579538	8.922997
9.229011	3.275245	7.0	8.674591	9.498393	9.260293	6.848102	2.823061	10.237981	9.783496	7.296464	10.450625	0.250559	5.372178
8.522396	7.138319	8.0	4.204194	2.734902	2.966897	1.387083	15.995062	12.439464	2.426751	3.569074	13.200374	9.691296	7.724187
11.60465	9.777298	8.0	10.323553	6.975976	1.830426	6.884163	1.033373	8.315053	8.204022	7.720156	5.852693	6.962598	6.516041
12.747049	3.483611	8.0	8.113896	3.343848	10.705745	1.088201	5.90967	4.850752	4.778911	8.17201	7.117813	8.839987	12.848508
10.443626	9.113941	8.0	1.77147	2.489108	8.423459	0.129088	10.141153	11.046765	11.106941	3.34805	13.621173	3.392815	6.972411
7.181489	7.451602	8.0	10.758291	5.073117	10.319759	9.801187	0.77413	5.278668	9.579674	6.524775	7.862709	2.325742	9.068858
0.615101	13.716988	9.0	18.161317	9.525548	1.071213	4.593662	16.754804	0.575482	10.952998	1.983159	8.892126	1.198935	2.958667
8.585348	11.799554	9.0	8.282485	1.974166	0.107928	1.476991	6.049469	12.745875	7.237231	8.319428	12.157138	8.040569	4.223817
3.30177	10.5206	9.0	7.618505	8.697091	1.160678	3.442417	8.815729	0.200342	14.335182	4.161452	14.019336	6.114717	8.612181
8.13823	1.99768	9.0	0.889094	8.385115	3.769411	1.742909	6.550557	15.372061	9.15469	7.891184	14.601293	1.536265	10.971513
10.672881	7.604489	9.0	7.175629	4.759885	0.390949	12.449285	0.101843	1.005521	9.007389	8.485654	5.872109	11.205806	12.26856
4.036929	2.16155	10.0	0.390603	12.516717	13.586301	11.96593	9.803871	4.22255	1.016781	12.936334	2.04317	9.06327	6.255995
12.942683	2.526168	10.0	16.141454	4.177446	7.59237	2.19258	7.599283	4.921486	10.80006	4.445682	12.134114	4.288106	0.238567
8.964103	9.185862	10.0	2.557343	9.110026	8.635735	7.286813	0.411995	7.659103	9.262834	2.408776	6.397347	10.576542	7.543522
10.658928	11.103132	10.0	10.478695	12.744367	4.274108	5.531799	7.076684	5.667477	3.912052	0.374644	0.280282	8.918753	8.979079
8.164344	8.47825	10.0	7.125264	2.443229	8.87359	4.688753	8.054853	8.274024	10.343551	8.178815	10.195829	0.615011	4.564488
1.561355	1.341112	7.016904	1.0	12.405221	3.95826	13.074635	2.183508	10.93028	5.57716	10.995374	10.846147	13.835677	5.274366
8.066915	16.210983	4.489161	1.0	3.71886	18.164412	13.061465	3.331154	6.500457	3.340178	0.747278	7.623146	7.667523	6.078467
10.095789	1.54739	2.135602	1.0	13.803663	0.497369	16.173094	12.75054	4.593271	8.808653	7.740664	4.011089	1.39609	15.446787
8.200135	4.744871	8.917949	1.0	13.247548	5.655849	4.520029	7.856296	10.936542	8.854137	14.462959	0.106995	4.00978	7.48691
8.047192	13.79714	14.849184	1.0	4.970252	4.751547	9.423325	12.82229	7.257675	7.296311	5.457189	0.756807	6.487477	3.083609
3.998904	6.316008	10.586147	2.0	11.103988	2.534273	2.994839	0.205018	14.609409	11.596998	11.427469	10.35557	1.919983	10.351394
10.132113	4.222673	7.479902	2.0	5.917582	4.756768	0.686174	3.693678	8.191408	15.571456	14.725652	13.664457	0.0301	8.928039
2.484496	11.176942	8.471569	2.0	8.975571	5.940524	10.618767	8.329667	9.192252	6.908213	9.771703	2.054871	3.293525	10.7819
1.736329	10.698119	12.922413	2.0	2.627483	10.97358	13.56765	11.36563	8.742658	6.953797	5.419355	6.273535	4.262752	2.456699
9.958424	6.480355	4.16417	2.0	8.048554	11.60055	7.650243	7.276878	0.972453	1.357258	9.181605	8.619915	12.300205	10.389389
0.248338	8.508726	2.226319	3.0	11.265453	10.919441	13.816821	10.273679	1.782848	14.712763	3.543634	15.768199	2.03439	1.899389
4.043183	7.690948	11.280213	3.0	1.263954	6.876154	8.564541	6.438561	7.559738	5.296437	3.931153	10.817995	11.483075	11.754047
10.225622	4.055628	2.735576	3.0	13.329137	0.202448	13.226334	12.239561	12.402499	2.491141	15.16009	0.709296	5.599899	4.622769
10.23657	1.757821	13.169231	3.0	2.716007	12.424904	5.828251	12.994893	7.412006	9.473384	2.927191	1.949056	11.051363	5.059323
12.274131	4.296289	10.221516	3.0	2.406028	4.234682	1.43635	12.038719	5.714164	9.770111	10.242134	2.15163	10.649104	11.56514
4.862899	0.298109	11.560254	4.0	1.315214	15.996108	14.676159	3.296441	4.078017	5.068916	2.108869	16.211314	12.387971	4.139728
9.696003	12.140407	5.376386	4.0	7.584246	13.135764	6.075467	1.383917	12.156368	9.56676	3.247737	1.815362	0.481124	13.340459
11.983402	11.407696	4.761441	4.0	12.228103	3.030688	11.835312	2.79865	10.586277	1.323254	4.997971	5.959091	3.784801	11.303312
3.296273	7.886099	0.181961	4.0	11.431211	12.515765	9.246089	10.788803	11.989388	8.188004	4.758822	9.447955	1.07695	5.192679
19.25716	9.836013	3.107406	4.0	2.451842	1.627814	10.888325	7.07391	0.32624	4.296874	19.185109	0.359563	0.490659	17.099086
5.489419	10.977153	12.383739	5.0	9.165624	4.593163	10.062769	2.76464	4.352716	8.95014	2.981198	4.219858	10.905825	8.153757
8.744527	11.308896	11.506157	5.0	7.899416	3.464465	3.370053	6.386436	1.701421	7.838999	10.071621	6.741642	10.74668	5.219689
6.333052	11.211959	9.391547	5.0	8.261406	0.655597	11.645675	11.963126	4.297219	1.74258	7.608264	9.410187	8.252234	4.227153
9.605374	3.293712	5.051164	5.0	12.876757	0.934905	11.749306	10.891252	9.504824	7.700219	4.513112	1.959215	10.690071	6.230087
4.462435	9.950735	8.291119	5.0	2.05855	11.563353	4.572787	11.504375	10.165504	2.107361	8.676401	6.337692	9.621196	5.688494
6.877753	14.464332	8.819617	6.0	8.072183	2.449118	3.789708	5.171415	0.210089	14.055366	9.227194	11.821649	6.621798	2.419779
5.256238	9.125519	11.577553	6.0	2.358591	10.469807	5.537213	7.164725	1.466481	10.987024	0.695101	9.124096	11.956223	8.281429
1.40547	8.401973	6.086425	6.0	10.696976	11.261798	2.586281	2.359051	9.586103	10.693376	5.209239	7.147606	10.486666	8.079037
1.129669	7.975016	11.86303	6.0	5.506023	6.043957	7.269637	5.154071	9.939637	11.096743	9.243403	1.269298	11.185498	6.324017
6.238328	10.750889	6.297093	6.0	5.501989	10.838007	8.975749	1.268919	2.638994	8.871334	10.144508	7.528701	12.168723	2.776765
3.563546	10.136484	7.194879	7.0	10.381049	14.197074	7.441122	6.800629	13.754713	7.94884	2.694374	3.611212	0.779581	4.496497
12.375353	6.296718	10.557228	7.0	9.438694	1.222159	3.309479	5.848402	7.052386	5.722399	4.756173	2.883003	11.806718	11.731288
11.962754	3.286227	8.798388	7.0	5.431005	5.054809	9.66099	8.632391	9.888503	2.564728	7.757926	9.223164	5.757186	4.981929
11.639753	3.763531	9.300263	7.0	8.209412	0.507993	6.716515	5.297763	13.141071	6.068312	7.205798	10.106858	6.591465	4.451267
9.416656	5.644392	10.947726	7.0	9.032206	3.922027	5.58543	8.559778	0.553025	11.671356	7.663874	5.329273	3.456419	11.21784
4.36945	2.433491	4.042839	8.0	13.446153	12.472331	0.56982	3.525029	4.942188	9.976274	8.927769	9.495089	8.559431	9.240136
3.683343	8.098336	11.796993	8.0	1.424655	12.149282	8.533355	5.700569	2.7771	6.435622	10.38894	8.858848	7.183028	4.96993
0.180086	4.692397	7.878996	8.0	10.815172	2.574484	10.781361	5.672421	12.01526	8.279799	6.955663	13.103524	7.13149	1.919348
10.358832	9.969069	9.07854	8.0	11.130893	6.893551	0.338744	4.109529	5.59866	3.256352	6.950582	10.161278	4.450974	9.702995
2.290682	9.383073	6.010429	8.0	3.925431	3.305434	2.316228	12.815259	12.862975	10.070577	2.289699	6.353941	9.644385	10.731887
5.823908	3.241317	7.252022	9.0	10.395954	9.149797	9.326448	4.467285	0.350948	8.785251	10.789599	4.830377	6.732802	9.854291
6.447219	8.718905	10.58752	9.0	9.496106	7.455745	8.671753	3.674212	3.001202	10.107751	1.397785	4.160888	9.161102	8.119811
1.45909	2.553661	10.277266	9.0	10.357872	6.877818	3.835279	10.197232	11.683474	4.948007	9.323538	6.748297	6.143589	6.594878
4.201327	10.740969	10.47918	9.0	9.576209	13.18527	0.908586	1.650129	11.883721	0.938707	4.855588	8.429971	9.225373	4.924972
2.367324	8.478812	10.883601	9.0	7.077711	4.181057	11.810884	13.447872	6.968177	8.020438	8.589243	0.673183	4.461586	4.040112
12.760702	14.16955	0.669386	10.0	3.119315	5.073493	8.708047	14.256555	4.290839	3.860029	8.034083	8.585451	4.597189	1.875361
7.633788	9.653515	1.854274	10.0	11.075788	9.411507	12.277918	12.652916	0.357683	3.652686	4.694403	4.263373	9.300673	3.171476
8.305034	1.959274	6.667787	10.0	10.290275	9.997088	6.511799	8.294967	4.706838	11.413757	0.750883	10.03179	0.491307	10.5792
6.078553	9.134853	3.998967	10.0	10.683362	4.985629	0.172785	8.87623	6.400803	3.703434	11.793301	9.234689	4.130459	10.806936
10.679451	5.704661	6.630392	10.0	5.478726	13.023783	2.506829	14.651206	3.115436	7.329541	6.605358	2.91351	5.84034	5.520769
7.403433	11.517958	10.231829	2.449981	1.0	10.689864	12.017089	0.260594	9.031405	2.380314	7.268022	9.674213	15.349149	0.726148
14.111895	1.523285	12.868451	8.017014	1.0	16.001353	1.74538	1.758743	7.688238	1.174189	8.521902	5.509074	8.279021	11.801456
0.037411	5.338687	0.202109	13.435081	1.0	9.317591	8.365689	6.776618	0.942015	14.391527	11.809465	10.416745	8.895714	9.071348
15.507715	11.258087	0.83727	11.916461	1.0	5.730239	14.034549	0.900364	5.428513	7.955884	8.965239	3.322967	10.951506	2.191205
12.818992	2.737895	10.945086	5.381219	1.0	9.205105	3.144082	7.68964	7.26175	1.480041	6.262233	11.57074	10.414354	10.088863
8.385302	12.110617	10.028919	12.584306	2.0	1.616933	11.728848	13.279913	2.86626	4.836119	1.010339	1.08951	5.507469	12.955467
11.642231	6.741438	1.794927	0.578213	2.0	6.901378	6.028221	14.021851	5.059436	13.057186	14.616402	7.160799	1.278217	9.119702
11.961048	9.212881	10.99694	0.6645	2.0	11.972258	5.791854	5.533331	1.982111	7.935751	7.688813	12.062379	5.521657	6.676476
3.27608	7.677418	16.149052	11.373834	2.0	4.347443	0.39125	8.918241	6.472316	2.247735	6.921004	17.304944	3.475338	9.445344
10.33055	8.609994	6.863311	14.993104	2.0	9.372511	3.305544	3.02624	3.262272	0.981687	14.205944	2.223543	7.431629	13.39367
2.378508	11.888067	3.531245	2.947555	3.0	8.196717	12.868501	14.460891	4.460677	10.392058	0.823038	8.926089	4.734733	11.391922
0.762106	11.579441	7.563226	10.921374	3.0	7.796975	8.492929	6.405232	2.397956	6.69074	2.261081	11.608831	8.820764	11.699346
6.776858	3.710839	12.265361	7.2774	3.0	3.582381	10.7847	11.940127	2.656297	7.050249	9.599932	13.415203	4.681039	3.259615
1.747694	5.982168	14.24669	4.938362	3.0	5.836645	4.705419	6.362112	6.046918	8.055417	10.066285	13.940596	4.727914	10.343781
2.554939	16.782536	0.808617	10.613284	3.0	2.063461	12.872763	5.156287	1.860552	6.460213	16.634542	10.97669	5.859693	4.356423
10.87688	7.397637	6.495709	1.950456	4.0	13.957913	12.607147	12.470658	2.119769	4.603009	0.418615	6.351478	10.115638	6.635089
4.589137	12.838663	0.980267	8.844035	4.0	9.370086	6.035185	6.690873	14.562538	8.598019	1.985652	9.529141	10.502191	1.474213
7.256441	9.531152	3.791735	3.085425	4.0	6.604766	10.468077	4.024945	11.435184	8.18414	0.230883	11.559581	8.610079	11.217591
7.487988	0.467484	4.459695	5.202877	4.0	11.171859	1.739544	9.600501	2.689353	5.995213	12.530678	13.276213	6.802642	14.575954
10.488701	2.979406	1.219836	3.138398	4.0	11.947574	15.313708	2.958685	1.959282	7.100391	12.649593	0.931826	14.653923	10.658677
6.83898	6.334639	9.194155	12.491031	5.0	13.78214	5.100153	3.6682	3.605573	3.161351	1.145304	7.317938	16.317147	6.043388
9.507558	7.352069	8.537164	4.555957	5.0	7.103844	0.00715	9.696227	8.768149	6.019124	10.873433	4.522693	11.319936	6.736697
6.505376	9.885347	5.900723	1.421106	5.0	6.797541	10.033295	9.519294	1.525035	10.768999	10.810336	7.47502	4.472422	9.885506
7.237557	0.920515	5.180204	13.661663	5.0	6.763404	2.518155	12.205029	8.84676	10.995121	1.601511	12.724083	11.838824	0.507173
0.109515	11.343839	10.906531	8.81343	5.0	10.29053	0.160598	2.248331	5.405244	12.004412	6.554864	7.572347	7.450602	12.139758
12.435281	13.966037	7.209043	4.944406	6.0	1.244265	13.771423	10.12733	1.269406	0.772268	3.517479	3.060584	13.791142	7.891335
4.197783	4.91265	11.499677	7.901588	6.0	13.896205	5.64165	9.695661	8.800505	2.959747	0.086712	8.152259	7.061472	9.19409
0.929825	11.936386	10.658017	3.965574	6.0	10.550928	3.147348	12.242045	2.331104	12.198531	9.037015	3.790731	11.570951	1.641546
7.84725	0.347189	10.662966	6.996072	6.0	10.158671	9.880755	12.152669	10.207751	4.450583	4.836258	0.64248	4.642431	11.174924
7.13143	9.049404	5.131393	12.739549	6.0	0.194701	6.587397	10.745815	14.460429	10.242656	8.810315	4.735235	0.528741	3.642934
2.357567	5.049631	15.334762	0.932712	7.0	7.456048	6.092933	13.863324	7.521539	0.942851	7.208711	4.286423	5.726928	16.22657
6.598744	6.812514	11.990502	9.84687	7.0	2.460022	1.978503	2.295142	6.584047	12.491918	10.33319	12.301655	6.719145	2.587748
2.500323	9.174341	3.627642	11.628604	7.0	9.350949	8.311632	8.14643	8.541297	9.819092	0.604101	11.697367	3.941908	5.656314
1.453232	8.939126	11.219974	10.466258	7.0	13.440631	12.647089	0.467452	0.511733	10.54047	1.54203	2.029969	12.197425	7.544612
5.396961	5.709874	5.980589	10.290619	7.0	6.410868	9.582422	11.862379	10.540674	0.179133	7.13414	10.553405	2.11063	7.248306
11.492248	3.295506	5.876793	7.74036	8.0	0.810676	12.404658	0.978768	10.852273	8.556384	6.137208	12.193459	9.766795	1.894873
2.234164	7.673919	8.179844	13.523857	8.0	9.011481	11.572557	7.175027	8.703396	5.61526	3.252945	0.327442	7.288137	7.44197
1.518591	11.765106	12.145149	8.363401	8.0	2.057457	5.909759	4.503845	12.977579	8.090738	10.984163	0.142373	5.314411	8.227427
5.731555	10.622325	6.106897	14.318145	8.0	0.508366	7.147383	5.519185	5.177624	13.65432	1.363927	2.031864	11.017541	8.800867
0.329638	9.390757	5.963433	11.088929	8.0	4.344334	5.41556	10.980093	8.077942	10.415692	6.631565	12.101487	1.009176	6.251394
5.680991	7.824992	4.490026	3.532193	9.0	0.45574	7.236838	9.972377	9.139028	10.620384	10.703575	4.821146	7.376296	9.146413
3.41152	7.293846	5.91935	8.782996	9.0	13.153192	7.724066	6.997519	1.736223	8.058698	11.536871	2.820771	5.821544	7.743403
0.950774	5.241775	5.767645	2.193268	9.0	0.715411	7.018204	5.316559	11.434653	10.663712	11.041945	11.119859	11.506869	8.029324
12.068905	9.406257	4.479442	12.929805	9.0	2.475043	6.017978	6.488167	1.135068	0.037731	7.463139	5.672803	12.612083	10.21358
3.081741	1.420264	1.615897	14.176865	9.0	12.471632	9.285807	6.181072	1.41865	4.011094	2.046121	15.586302	0.430089	19.274465
6.791791	6.132735	6.159894	5.730783	10.0	10.148146	5.07788	8.858553	4.08883	8.254828	10.061238	5.320926	5.590655	7.783741
10.383343	4.705488	8.33661	7.479831	10.0	12.474841	5.386208	7.590999	4.376894	5.235308	12.039628	6.019817	4.224211	1.746821
4.412464	14.573253	2.506084	4.20647	10.0	1.600482	8.612693	14.783388	9.271599	7.756352	4.81005	9.260149	6.243626	1.963389
8.970368	13.290757	4.213111	9.652957	10.0	8.607148	4.579276	7.833992	1.243195	8.588349	5.626993	0.922971	12.787476	3.683408
10.095577	5.09759	8.424547	8.287325	10.0	7.503846	1.215793	8.892802	7.837774	10.855538	8.077022	5.724303	2.560863	5.427018
0.256978	7.226223	17.206935	2.471079	16.398912	1.0	0.098483	6.227008	6.692043	5.71241	12.252383	9.312626	5.842997	9.301923
4.907884	4.539394	8.463268	4.978721	14.32269	1.0	2.949199	10.925646	14.091283	10.391951	7.406989	0.430975	3.449554	12.142447
2.985738	7.291032	9.630621	1.87499	9.667156	1.0	10.944033	13.14858	0.479042	13.842061	9.638627	3.742055	14.325281	1.430785
3.880583	3.724126	4.211119	10.112471	10.017505	1.0	11.644219	9.673959	10.742239	11.050934	6.619485	1.321382	5.328807	10.673173
6.443163	6.181992	8.107909	8.236581	7.414734	1.0	4.363914	10.653208	12.286488	12.311355	0.895715	10.730005	3.631945	7.742991
8.629788	5.172804	11.620377	2.752461	13.586108	2.0	13.532044	6.668678	2.429321	7.931702	8.048589	2.737387	6.430244	8.460497
7.287609	14.496835	6.912324	16.831961	8.676784	2.0	0.540669	9.39438	3.380491	10.378088	8.36121	1.981063	3.689098	6.069489
5.950723	14.2327	7.278677	1.783274	9.775316	2.0	1.555781	0.220515	14.002605	12.79337	2.356782	12.013908	12.813172	3.223178
3.182985	3.658445	0.215891	12.240907	15.133897	2.0	11.099755	0.857909	4.499037	16.728124	8.732818	2.377066	17.162347	2.110818
5.983328	11.343772	5.295001	10.818822	4.225656	2.0	12.427505	6.664106	4.621433	0.807322	8.282342	10.673338	4.445187	12.412187
2.313206	6.915897	1.253624	1.436964	6.997029	3.0	17.03989	1.537716	2.104922	13.724129	1.9979	17.393675	7.947685	16.337364
5.41385	2.931486	10.863991	2.237301	3.291598	3.0	9.988188	10.982344	10.265152	8.595027	12.440487	10.299709	1.460368	8.230499
6.010133	2.222639	3.930977	4.372384	11.965901	3.0	15.171354	11.305185	7.291224	10.98356	6.707863	1.924646	13.644094	1.470043
6.221663	1.345985	10.307002	3.777886	6.080319	3.0	0.988032	16.429123	9.780583	14.786567	5.167837	9.379776	5.66686	7.068367
11.08005	4.984871	0.341063	10.131479	7.660589	3.0	1.505468	6.797743	6.604787	8.09356	11.377377	7.249443	10.942662	10.230909
11.348628	16.185466	7.379454	9.054232	4.02436	4.0	13.918255	5.497556	3.019141	11.463947	0.9257	7.590165	3.822158	1.770938
13.171945	12.550485	8.476989	8.03239	0.272924	4.0	8.603028	0.833651	4.842256	1.683007	8.777011	13.864806	12.775207	2.116302
3.338076	10.593526	6.6944	3.555618	15.343988	4.0	0.605559	12.252052	3.752981	5.429077	9.30264	11.805993	1.097839	12.228251
4.562991	2.907219	11.325757	12.869948	9.85823	4.0	2.372594	11.203557	8.416011	3.137987	2.391279	9.392137	7.09444	10.46785
9.199229	9.719321	14.24101	11.952631	3.191083	4.0	1.673079	1.16767	5.998841	19.338071	0.534711	4.489945	7.388802	7.105606
10.053966	2.372151	9.169439	3.730333	13.646289	5.0	9.042676	3.367674	3.27923	9.938001	1.728413	12.315349	7.630177	8.726302
6.889594	3.991691	8.478809	9.856388	9.4527	5.0	5.497851	9.366244	2.016886	9.409762	2.532627	7.974573	9.03513	10.497743
12.21926	10.435613	9.678584	0.639508	7.072453	5.0	8.998611	10.89728	6.638036	2.953105	9.808711	1.317354	4.582136	9.759349
4.39789	1.320167	1.261184	12.615572	7.052613	5.0	9.32246	4.318536	8.873543	9.283098	8.393668	13.312924	8.584782	6.263562
12.552931	5.493351	8.340049	6.78455	4.086038	5.0	13.383671	7.441837	2.936713	3.032065	13.433858	0.91289	11.811575	4.790471
9.379827	9.712606	9.552492	6.522545	10.06676	6.0	5.743999	5.906174	3.201337	7.871895	0.392587	8.846507	9.928521	6.874751
7.170357	0.987905	0.934455	2.413442	11.600784	6.0	0.153301	7.185081	17.968196	4.304047	15.673487	7.312189	4.751487	13.545268
2.811549	1.018013	7.143967	10.873303	2.458643	6.0	16.268904	15.905256	17.357234	8.996376	1.608431	2.140729	1.681222	5.736374
7.631004	10.614429	13.351129	2.155869	15.85293	6.0	6.904269	0.946891	0.083738	16.053164	2.226556	0.194955	15.078536	2.90653
3.00971	1.015586	13.522385	9.693132	3.117033	6.0	13.391072	11.487098	3.160663	2.454295	9.153461	9.802925	13.635388	0.557252
4.913946	4.038441	12.299801	10.401021	1.79487	7.0	9.671629	0.575626	9.875312	10.557773	10.455462	12.139861	2.88251	3.393748
2.457312	6.69301	3.45988	13.813701	13.009728	7.0	1.728608	9.555249	9.61431	8.283576	1.962551	13.149545	3.303825	5.968704
3.684728	1.978758	0.408143	5.412922	5.899824	7.0	7.290497	12.208593	16.71923	3.319446	11.203788	13.69603	10.781544	0.396496
7.383496	7.014127	11.42654	13.099315	2.366242	7.0	0.064811	11.80207	1.277398	4.879304	10.203352	10.239305	11.089934	2.154106
5.861337	0.764521	8.843916	1.318413	14.896167	7.0	16.007518	15.944695	15.546167	1.758776	2.496604	6.477116	0.634957	2.449811
6.786841	12.284881	0.426142	7.731197	0.759302	8.0	11.357668	12.067964	0.714821	8.361581	9.224687	8.075845	7.056114	7.152958
13.572601	5.349879	1.805315	4.84415	8.553631	8.0	0.810273	5.024453	6.260286	6.454198	11.846012	13.611131	13.278193	0.589878
8.026439	3.09923	2.148171	11.384779	6.528677	8.0	13.060516	0.592996	9.520677	2.981668	4.730374	11.771027	7.890212	10.265234
0.72147	2.959531	12.363607	11.853328	5.225375	8.0	6.408072	4.109462	8.134055	0.952483	4.925506	11.021545	13.22134	10.104226
9.452827	8.270051	4.544459	5.470296	11.75836	8.0	14.667132	10.173649	5.731531	2.734099	1.22464	12.23304	5.63138	0.108537
3.543521	7.179859	4.491705	5.806941	5.684597	9.0	3.077159	6.886491	10.280275	0.402345	12.004325	11.066294	10.159997	10.416491
3.256704	4.929468	9.236107	17.501223	8.175179	9.0	15.472359	9.458067	7.573658	0.785188	9.461707	3.768318	0.279693	1.102329
0.080923	7.005977	1.480573	7.842324	2.254276	9.0	11.177481	1.103197	10.160003	13.06831	8.934044	5.754905	9.099302	13.038684
5.329297	2.951106	5.087982	3.634036	3.859375	9.0	0.081781	11.340619	12.284312	5.047576	11.447687	5.451875	14.688891	9.795464
5.938445	9.985241	8.827774	12.937818	1.789781	9.0	13.388575	9.43773	9.652202	7.435211	8.764661	1.922512	0.759358	0.160693
5.365781	6.880824	0.739721	0.968187	6.578298	10.0	14.09229	1.292228	3.897371	11.490895	5.156584	13.205554	12.999492	7.332777
12.185484	7.788497	5.69703	2.346607	8.943143	10.0	3.999542	10.091106	10.309702	3.792701	9.342012	7.98343	4.370621	3.150123
0.714073	12.588409	1.350108	10.272512	4.214938	10.0	12.089488	6.320497	2.722175	0.389043	7.096077	2.444661	12.415873	17.382146
9.090634	9.480484	9.688424	8.432883	3.792966	10.0	10.062043	0.540473	11.422097	5.134048	1.565146	5.121478	10.820475	4.848848
0.601996	1.488366	13.76969	9.389362	5.232153	10.0	5.950169	13.200564	12.135347	10.578597	1.41489	3.421343	11.271548	1.545975
13.858949	4.819909	5.942704	12.572453	2.743419	5.785684	1.0	5.388202	2.756991	7.54364	13.968671	1.581882	9.801135	12.23636
13.094901	16.182471	1.51161	3.199956	0.135194	10.809141	1.0	4.825097	6.971115	4.561369	14.577208	4.613641	5.864557	12.653741
2.123313	4.290773	7.162204	9.377508	12.354202	12.84131	1.0	6.18878	2.967779	2.429545	12.353819	11.27689	11.215066	4.418813
10.294409	2.848713	13.005112	4.061234	14.287815	9.920875	1.0	6.680702	13.329226	9.28117	2.9923	2.987125	1.707599	7.603719
11.598717	2.452406	3.260406	2.364665	9.731797	11.577286	1.0	7.479702	7.992809	10.189778	11.12648	4.735823	9.050849	7.439284
6.931963	10.161065	7.76847	1.195692	11.972239	2.607147	2.0	4.870979	10.022778	7.536459	10.042032	3.139164	9.845959	11.906053
9.758605	6.921095	8.888767	8.729021	10.083739	6.829444	2.0	4.662325	6.579349	8.016765	10.545745	10.683579	4.356313	1.945254
7.838536	13.663276	3.066332	10.378205	14.266686	3.692409	2.0	10.613289	13.692558	4.678217	5.809256	0.754408	7.01637	2.530459
3.332391	3.226221	1.341038	4.817935	3.165185	16.849579	2.0	11.510088	8.955472	7.947525	6.883148	16.791982	13.170931	0.008505
1.394515	1.555011	11.888177	9.508232	10.872091	1.353723	2.0	11.318686	8.836195	9.278638	5.217175	10.151845	12.148274	4.47744
5.061589	12.485488	1.869134	3.985428	4.145563	17.091881	3.0	3.132237	7.964781	7.584342	7.196632	13.274983	8.487437	4.720504
6.292728	1.151063	3.729972	11.370701	10.106895	0.98983	3.0	2.771861	8.266881	11.294334	11.419725	11.448392	8.101222	10.056395
5.408464	2.789959	12.245275	8.207754	7.337095	6.872433	3.0	12.401109	1.678548	6.486356	3.604929	14.381011	6.743249	8.843819
8.890047	10.586703	11.519431	15.701576	10.056125	1.13392	3.0	10.601523	3.734678	10.137075	6.21342	5.851252	1.066878	1.507372
10.572923	9.862552	7.955948	6.582656	0.870868	8.943555	3.0	10.335465	5.874201	10.381536	5.224552	8.93858	7.249797	4.207367
7.228226	11.401951	7.817302	10.078441	4.863759	5.606157	4.0	5.068472	10.892977	6.17428	3.505214	6.556032	3.814336	12.992852
15.015229	13.506617	1.601484	7.068598	1.485862	5.884905	4.0	7.105387	8.383829	2.666618	7.361992	7.112575	11.885107	6.921797
12.154308	9.920642	3.412487	13.037638	10.854001	8.387183	4.0	8.200165	2.265186	3.995373	2.488345	9.214181	11.072344	0.998145
2.547209	1.380163	3.456591	9.359521	12.917403	7.554159	4.0	11.621546	1.202113	9.167252	1.256867	12.863096	11.940133	10.733948
12.463518	8.346991	1.595158	2.383666	9.649453	7.273319	4.0	2.977603	5.078679	7.335781	9.054243	12.184456	10.123357	7.533776
6.382395	11.445364	4.121032	1.830996	3.441332	6.526861	5.0	13.60812	13.089561	2.831978	5.49088	7.362747	9.949732	8.919001
7.906326	10.251569	4.528053	6.504027	8.39617	2.815746	5.0	11.200346	12.127655	4.844008	4.973594	4.074658	10.433488	6.94436
11.481144	1.62404	0.960297	0.636681	9.350549	12.76999	5.0	4.461434	9.771496	10.167578	4.88871	9.606633	8.51146	10.769988
