CD4	CD8	nB	NK	Mn	mNeu	m8	DC	Eo	Tr	m4	Mg	Er	mB
0.01	7.890248	6.046077	1.891868	8.961738	0.852564	14.776393	11.042968	4.549569	12.568673	5.373976	14.765498	8.72839	2.54204
0.01	4.259527	2.930902	2.401365	0.742905	16.747375	15.844295	5.70005	5.919211	12.563625	7.994825	2.580709	16.947601	5.35761
0.01	6.866525	7.694161	9.066158	14.889935	5.629365	1.365519	4.231395	1.463788	4.24358	15.637534	7.53977	13.884581	7.477691
0.01	4.519784	5.850886	7.726449	11.794338	9.265364	13.287103	9.207448	5.494895	8.921044	3.665497	8.557304	10.399353	1.300536
0.01	4.817971	7.550588	2.966389	2.190386	3.080451	8.376453	10.266036	11.596089	7.9963	10.553465	11.330537	7.798493	11.466841
0.013335	1.546237	7.03239	14.908091	10.686292	9.249686	6.849431	7.917459	10.838417	4.714253	3.436426	5.263789	7.930667	9.613526
0.013335	7.243821	8.10466	10.436414	4.524416	0.926966	8.675997	9.256196	7.432665	8.413888	9.731288	7.000096	9.141565	9.098692
0.013335	3.651309	1.513082	8.701581	12.298592	10.251195	14.902231	2.675468	6.193061	3.284382	9.326056	13.042618	8.128919	6.018169
0.013335	8.101996	10.429373	7.193459	11.147259	7.510853	6.085236	9.687282	12.546445	1.084646	16.459406	2.280028	2.086073	5.37461
0.013335	18.592382	5.805746	1.81242	3.530968	12.26096	1.440091	18.031507	0.182898	13.383893	8.678487	0.091472	14.296149	1.879692
0.017783	1.403134	11.796538	3.379994	2.763099	12.383251	2.913326	9.521546	10.615703	12.530351	11.70227	2.121583	7.141132	11.710292
0.017783	2.522899	9.20123	9.94021	12.808951	0.427429	10.724467	11.051461	2.886541	8.05291	1.167644	9.429136	8.958459	12.810879
0.017783	12.015038	15.716977	16.358452	7.85004	9.393383	13.069444	4.325775	5.261017	5.786424	0.228905	0.871099	1.277856	7.827808
0.017783	0.216396	0.290072	12.225404	11.55891	5.022993	3.719262	14.269084	13.147605	0.223293	5.761459	9.699654	10.500949	13.347137
0.017783	11.47	4.344596	0.150948	8.728265	2.022648	3.371177	14.023559	14.744558	4.055929	15.110871	8.977988	7.466817	5.514861
0.023714	4.864106	14.920651	13.541715	8.201713	7.865026	0.275477	11.298026	9.36909	6.103277	8.882655	1.758006	12.731288	0.165255
0.023714	17.459917	3.565385	10.963626	4.002695	5.239589	0.629188	18.456919	10.875795	1.369983	5.848932	1.842333	7.263824	12.4581
0.023714	9.546812	14.22392	0.11083	7.543481	9.64553	9.814867	8.046562	4.394992	2.53448	7.239013	13.144157	1.593268	12.138375
0.023714	12.486975	4.494759	6.957558	1.808365	12.787392	7.108115	12.601997	11.873939	7.273842	4.228491	11.087374	3.593368	3.674112
0.023714	9.11182	4.977036	1.479871	3.449593	12.663896	14.314462	3.739688	13.946385	5.059546	3.286926	13.269255	6.723105	7.954705
0.031623	5.20925	0.806926	5.706818	11.073541	2.248229	8.241494	6.994211	9.787222	11.508259	12.088	11.379909	12.237998	2.68652
0.031623	17.031097	1.622084	13.057205	18.37572	11.395775	2.416905	4.446204	1.283533	3.721833	9.049139	6.125594	7.45902	3.984269
0.031623	0.07925	12.422258	5.107258	8.718335	10.238466	9.257359	9.762429	10.225279	0.992008	10.563727	1.605973	7.533116	13.462919
0.031623	14.368459	12.950163	7.372565	0.703109	2.247269	14.723122	3.295216	12.924287	7.389523	9.026288	4.9834	0.703572	9.281403
0.031623	1.009851	13.866626	0.893955	4.343239	3.42377	12.480416	12.045194	3.488569	10.662597	13.238203	8.044556	2.930828	13.540573
0.04217	9.313411	1.220113	9.071414	16.802782	7.652885	5.462833	1.856669	7.956934	11.262689	14.883594	9.271981	2.72252	2.480007
0.04217	11.177093	8.891861	7.54303	8.689084	11.60088	3.380251	1.455164	9.410693	5.631482	7.892865	10.209104	5.487328	8.588994
0.04217	3.661746	3.864067	10.583997	3.960266	10.262578	7.331761	6.532257	7.397173	10.22527	10.372231	9.057603	9.23603	7.472851
0.04217	8.936352	2.399233	7.647644	4.72802	12.240949	9.48291	7.018562	3.182	12.684175	0.196747	10.521884	17.764063	3.155291
0.04217	6.173115	10.413798	6.469456	0.622077	7.564876	2.578979	11.992809	11.620339	6.06388	13.114571	8.494913	9.374258	5.474758
0.056234	11.746618	9.571375	8.240423	6.652981	10.059888	5.207429	10.668979	4.570647	5.439935	13.588397	2.856342	4.938843	6.40191
0.056234	0.31744	0.968272	11.098838	2.360754	6.177648	1.587237	17.894337	3.618192	14.593735	16.056997	17.49417	1.452347	6.323799
0.056234	4.857384	8.519616	18.855119	8.924002	4.883701	4.414497	2.994977	2.955799	11.490801	0.33783	4.139066	12.460285	15.110689
0.056234	6.523053	7.222554	11.025897	7.07776	8.781584	6.462438	5.885473	2.802997	4.819906	11.366787	10.442484	12.768279	4.764554
0.056234	3.305918	12.560419	10.002397	13.713689	11.794533	3.978939	17.204931	5.243779	1.302683	2.736642	6.422064	8.327391	3.350384
0.074989	0.765422	6.550357	6.157183	7.590922	10.531097	2.327121	11.103594	11.330438	11.290743	10.929208	8.305037	2.924397	10.119491
0.074989	11.651972	11.776083	10.034164	6.913873	1.348011	10.436315	2.220838	4.234688	6.767489	4.301321	9.730134	9.791352	10.718769
0.074989	9.20037	0.638998	9.587836	6.031958	7.27387	6.796118	8.624838	1.892058	16.039168	14.84286	6.898652	0.833563	11.264721
0.074989	7.334184	2.937467	9.061363	5.341149	10.591523	4.364339	11.046161	9.986712	12.180386	7.148439	0.9678	9.054378	9.911109
0.074989	1.300494	7.914008	9.867432	9.96659	4.229635	0.768709	12.136889	2.265596	9.856339	12.792875	9.926767	5.362376	13.537302
0.1	2.087542	1.722399	11.794543	2.566866	9.148779	12.371378	10.970042	11.663456	9.275206	4.223914	10.357917	10.178314	3.539642
0.1	12.079158	1.933536	0.463686	9.166893	6.202115	9.387224	7.180205	10.283626	7.618739	10.574007	11.824941	11.518453	1.667417
0.1	6.029208	8.367945	7.946032	3.451016	11.139223	4.491684	10.828595	9.452301	9.631777	7.128252	5.512417	5.084396	10.837153
0.1	11.133536	12.980145	7.68706	5.64006	11.884862	6.876148	13.533999	12.234397	2.842027	1.602976	12.235705	0.016161	1.232921
0.1	6.041396	1.896476	7.785433	5.136408	0.020661	14.268428	0.20252	14.034865	8.218946	14.415194	14.524274	7.39867	5.956729
0.133352	6.158569	0.070027	4.437291	17.151664	9.607006	4.200135	9.564398	3.22039	10.390018	3.827294	6.221756	17.050231	7.96787
0.133352	14.12579	4.919294	11.957832	3.347387	4.194756	0.126891	4.365255	10.346112	14.392782	3.652307	13.697473	4.97888	9.76189
0.133352	4.859436	6.194791	9.574723	11.426059	7.290224	3.448621	3.45454	7.129802	1.942474	14.148063	12.301636	12.203867	5.89241
0.133352	10.886602	10.286111	6.375115	12.538667	6.280475	13.952678	0.117166	11.945583	2.117758	4.862827	3.995797	9.589894	6.917974
0.133352	11.663956	9.904975	4.812944	12.7173	10.114586	4.117959	8.120704	6.716955	12.948254	11.186591	2.473458	4.877339	0.211627
0.177828	2.00312	1.693331	3.550496	12.415896	19.864726	19.613991	5.648084	6.951277	9.76249	3.820061	2.770826	11.332181	0.395692
0.177828	11.145268	10.171343	8.040074	7.467326	0.759446	8.606788	3.855393	7.812392	7.980112	11.118399	8.638491	10.740704	3.486436
0.177828	10.287067	19.230563	3.210741	9.549716	0.870919	17.035926	8.876794	5.964208	4.522438	12.64379	3.361067	2.763593	1.50535
0.177828	13.388557	12.161958	1.243726	14.019146	7.903537	6.028084	4.442734	7.322593	6.162465	11.956023	4.963411	4.805965	5.423972
0.177828	9.197171	12.323672	9.548492	8.606332	3.540894	1.503074	1.599982	8.237411	12.343647	5.859271	15.561581	0.375295	11.12535
0.237137	15.787212	4.591917	14.716168	2.666302	0.401058	12.237651	1.063436	0.547128	3.738388	7.12046	12.803144	16.982288	7.107712
0.237137	5.36515	10.043275	8.076485	1.228529	6.808541	1.274884	11.096366	11.067904	8.528093	11.519705	1.960606	11.098185	11.695138
0.237137	1.867121	2.682334	5.147401	14.927293	13.40758	15.440776	12.352875	8.099391	10.563685	6.851303	1.790242	5.789875	0.842985
0.237137	12.490142	10.046317	7.84503	11.30915	3.889162	6.366014	3.898443	8.003396	8.836443	11.671856	1.699039	7.518249	6.18962
0.237137	11.988113	6.372174	12.471271	6.576547	13.631353	2.123649	1.266351	7.621093	12.131649	7.610412	10.99971	1.908656	5.061883
0.316228	5.346461	9.439927	5.140447	1.540553	10.231942	9.982235	4.661195	9.432089	0.360915	12.742782	7.86297	8.956407	13.985849
0.316228	4.104405	10.902319	6.230633	4.477841	14.150847	7.876692	7.276775	7.051477	3.791566	0.578594	11.948982	10.401468	10.892173
0.316228	11.219105	1.258467	2.118852	3.967815	8.782264	10.892082	6.681753	7.754214	7.608697	8.571649	6.501084	12.471915	11.855874
0.316228	5.527389	0.48539	22.262465	0.85883	3.686132	1.694674	5.906618	2.070474	5.745832	1.755273	17.218527	9.278894	23.193274
0.316228	11.10091	12.200469	4.653767	10.217697	8.558471	0.63593	12.114128	3.151111	3.105985	9.407105	12.369638	11.880631	0.287928
0.421697	6.423709	10.835127	1.972437	3.156287	5.587005	12.671655	8.104236	10.679386	6.042085	8.300359	7.902739	9.034223	8.869056
0.421697	0.193148	7.209485	1.979929	12.369934	6.96018	10.189815	7.762376	8.725217	3.881835	6.550783	9.801934	9.860571	14.093095
0.421697	8.871214	0.197942	1.35864	10.7177	10.34905	6.147349	6.236399	14.479198	6.033706	2.616486	10.537998	14.7895	7.243121
0.421697	7.866776	10.615116	10.959405	10.553732	1.510418	6.036288	2.13215	10.868991	5.154754	6.122075	9.965857	7.500247	10.292494
0.421697	11.393336	9.902882	12.112443	1.363618	8.827761	11.036577	0.464692	5.052138	8.247615	1.420697	12.571131	12.796906	4.388507
0.562341	11.753019	5.526156	0.38003	2.155326	6.013407	13.055537	6.267833	6.805302	5.812021	3.606292	10.286762	14.342531	13.433441
0.562341	2.65527	15.288268	14.258773	6.475284	10.629254	15.469842	7.430223	0.196782	14.634659	1.414163	8.410815	2.34438	0.229945
0.562341	9.329197	10.309315	4.961252	6.009605	9.661711	6.9197	8.699381	3.598355	6.68294	8.738095	7.643516	8.631135	8.253456
0.562341	10.485597	13.011471	7.532978	1.832062	7.96082	5.812158	11.833779	2.787011	7.003596	11.349738	10.555551	7.108417	2.16448
0.562341	4.052751	7.535931	10.797937	11.221022	7.004523	0.338716	8.446089	1.217248	9.978671	12.083786	13.181899	4.673518	8.905568
0.749894	9.733569	13.083728	5.206426	4.199563	14.779625	1.21146	4.148438	2.261313	10.388807	3.395248	13.060382	15.875965	1.905584
0.749894	2.011388	13.947853	4.228232	2.933339	8.012404	10.232593	8.807562	14.051193	6.420455	1.196604	3.604396	11.123221	12.680866
0.749894	10.132628	14.65166	8.550021	6.023186	2.424887	15.195094	14.641911	13.66374	4.367866	0.355149	5.764929	1.67988	1.799154
0.749894	5.119056	12.389747	7.233587	10.102064	1.195548	7.310647	10.936077	3.646458	7.572424	4.502946	8.124156	12.16751	8.949884
0.749894	10.676431	2.889226	5.686445	1.174646	13.316185	12.1327	8.502576	1.93486	10.348492	6.652464	5.108783	10.913241	9.914056
1.0	9.194408	12.033911	12.792347	2.48888	9.072418	2.000377	6.023221	1.805732	11.459883	4.167554	11.607472	8.063065	8.290733
1.0	0.005022	11.027956	13.903689	12.757247	3.635037	4.878144	5.103991	10.834545	2.907508	2.194415	12.734784	12.503569	6.514093
1.0	4.628835	4.280171	8.460698	13.175999	1.238202	9.580715	13.580692	10.120511	1.155794	12.504199	7.301376	3.611889	9.360919
1.0	1.58969	15.063241	10.870205	4.604311	8.581641	9.445588	9.530793	1.448309	8.947166	0.721631	14.96217	8.471444	4.763809
1.0	9.877369	2.681317	12.145827	13.326017	12.299773	0.867222	3.578452	10.958249	2.825267	13.183996	9.944584	5.348522	1.963406
1.333521	16.903558	8.603723	8.237632	1.475639	2.41917	3.929835	6.361663	1.108915	13.227549	10.516772	17.658577	2.298128	5.925317
1.333521	7.459314	10.627692	8.047897	8.974213	0.985437	2.431441	13.669945	5.092953	1.689294	13.841699	15.185774	10.036444	0.624376
1.333521	6.398204	4.392603	5.573614	2.319489	9.150341	11.913226	13.94053	2.511207	12.405986	10.685432	9.0453	5.751548	4.578999
1.333521	0.371125	18.220775	5.981898	1.098571	14.967445	1.602675	2.917929	19.022107	16.509895	4.753145	4.191323	6.904877	2.124712
1.333521	11.490501	1.857054	13.44328	0.110086	6.698112	13.320942	2.237197	1.119331	14.332363	8.188392	1.128549	11.204386	13.536286
1.778279	1.804328	0.320882	5.112307	12.30199	6.503306	6.591059	7.123498	17.76631	2.908012	14.765793	7.995695	9.314108	5.714433
1.778279	12.14226	10.846945	5.220564	6.739948	5.268362	4.82374	11.849162	3.606594	6.144546	11.627054	6.050191	7.825774	6.076581
1.778279	10.559924	13.504831	1.498359	4.313351	4.236563	11.88897	13.371441	1.876314	1.066512	13.349099	9.765769	5.006401	7.784186
1.778279	1.011833	15.377103	4.322271	4.320382	1.598845	7.740174	5.483977	10.190181	8.716142	7.670074	2.828497	9.877132	19.08511
1.778279	6.173687	7.707902	7.8974	3.572849	8.886408	13.86651	4.614336	8.846724	13.616976	6.587843	3.771818	5.836327	6.84294
2.371374	0.155588	3.63367	14.268296	6.349972	13.648508	10.173576	10.416837	8.757746	0.539638	6.437316	17.396751	4.039699	1.811031
2.371374	3.628299	1.01434	9.910445	5.972237	11.252442	12.559844	3.970377	6.271338	7.633535	6.347972	6.715727	9.46457	12.8875
2.371374	13.200331	1.658049	0.563656	9.68067	4.33075	4.113235	1.404106	11.569031	14.493749	8.559623	14.746357	8.332114	4.976955
2.371374	12.747155	0.850248	12.113955	9.651882	12.210686	8.711219	3.612372	0.985612	8.705763	0.022188	12.179012	4.306034	11.532502
2.371374	7.988886	5.499911	13.190894	12.54368	0.891445	9.983728	1.892495	9.68483	1.201333	12.913739	9.07694	4.329023	8.431721
3.162278	4.663256	4.935186	0.774534	11.163592	10.331604	16.032973	3.423892	14.733545	12.620955	2.285211	2.85695	5.684788	7.331235
3.162278	4.523135	12.224669	6.287013	14.200302	6.92102	9.849364	4.389955	9.159934	0.27739	10.462504	1.911387	12.552382	4.078667
3.162278	17.903933	0.180613	1.939596	10.039625	4.975117	7.648609	3.217385	17.828267	6.975154	12.064398	1.242818	11.284288	1.537919
3.162278	7.981237	1.770789	10.527411	5.679298	4.672677	6.290929	0.294948	10.411148	11.901543	5.359949	8.400261	13.772833	9.774703
3.162278	5.837096	12.751093	1.377353	1.351239	14.038959	5.776907	10.077786	4.085631	11.197005	2.557129	3.540253	10.973165	13.274106
4.216965	6.794377	7.999772	5.649273	6.632024	11.077018	7.006022	7.971973	10.681149	9.490867	3.184301	10.530375	3.554698	5.211186
4.216965	10.460002	8.407082	11.817602	1.322598	8.645542	8.040107	4.356444	9.698728	1.116643	9.978922	10.055888	0.172534	11.710943
4.216965	4.617518	0.972036	5.604771	8.673401	8.633228	1.698846	3.324598	8.29579	14.371808	14.970982	12.547093	5.785731	6.287233
4.216965	11.256397	11.15404	5.260904	1.358962	2.643274	7.86037	9.614471	3.765058	4.708074	2.327139	13.936846	7.448122	14.449378
4.216965	0.764334	17.028244	1.832552	4.552189	5.01271	9.139448	9.120457	5.796068	14.394506	4.788866	8.282458	7.435804	7.635399
5.623413	5.723199	7.04484	6.112804	13.216199	14.004314	9.350345	2.568222	1.365176	11.731968	1.570781	7.487114	9.044649	5.156976
5.623413	2.904588	2.926521	1.273357	16.033025	3.361682	0.40135	10.538627	7.829104	5.745798	13.6522	2.882904	13.133593	13.693837
5.623413	12.281911	6.314913	13.264899	4.637652	4.993222	3.380491	8.778674	8.179532	4.5005	4.096275	0.388992	10.139327	13.420198
5.623413	14.466189	8.575316	7.685252	2.927837	7.579828	9.28736	12.843051	2.734305	1.447668	5.424747	12.737606	3.004512	5.662915
5.623413	9.783286	0.587366	13.630872	1.659188	0.153256	10.927744	10.731496	3.38354	10.067032	1.371478	14.35548	10.832092	6.893757
7.498942	2.860302	12.324247	1.197495	8.071756	3.779666	13.848403	7.712728	5.485971	13.155853	7.107776	4.874014	5.300061	6.782787
7.498942	4.19603	12.979019	6.08144	3.819278	3.28396	12.497802	1.377335	0.665521	13.638474	7.710437	10.065286	8.258305	7.92817
7.498942	9.585155	0.444806	12.635907	10.554101	0.211468	4.531443	10.208865	6.512519	3.529226	12.076546	9.99424	8.848921	3.367862
7.498942	5.00552	6.078032	5.524448	11.825318	5.140354	5.059486	9.020695	12.505876	6.08276	13.735819	8.279722	3.245946	0.997082
7.498942	6.949216	3.71851	3.172829	3.600828	7.243468	13.345756	3.993801	2.712631	8.384302	12.001014	1.823277	13.408027	12.147399
10.0	10.46308	6.903234	10.300136	8.018776	8.066948	5.373597	9.653317	3.483809	7.123508	1.580054	7.343094	3.980772	7.709676
10.0	3.790985	5.53216	5.50141	7.711214	6.792768	11.994033	9.307686	7.40906	2.790196	9.249292	3.953108	8.416355	7.551734
10.0	8.074006	10.512693	1.298145	5.883566	4.267048	9.405152	11.877874	7.120507	10.162871	3.530489	2.424548	8.189552	7.253548
10.0	10.969036	6.968678	3.350206	0.294347	5.039615	8.056414	3.122863	12.608359	14.240734	0.383531	1.332783	11.780016	11.85342
10.0	5.482329	5.8416	10.681558	9.00572	8.701008	7.019577	1.196846	10.869652	6.138926	8.391622	1.077044	10.360478	5.23364
13.993106	0.01	13.749729	3.603665	1.572929	2.371306	2.77579	1.896224	4.063219	12.039346	4.710432	12.204085	10.600992	16.409178
8.670854	0.01	11.353859	2.952544	10.777165	3.140949	6.355864	9.883268	7.274282	6.567753	8.657145	8.328047	5.074519	10.953753
10.628569	0.01	9.318327	0.87298	3.153232	13.907882	8.79721	12.647564	2.483856	7.09369	16.029974	1.184082	2.602101	11.270534
11.649787	0.01	4.980277	7.140274	1.426499	1.808624	12.858733	5.181516	13.703577	7.771329	16.981955	6.258952	5.995267	4.23321
6.846927	0.01	18.025749	0.859594	2.063981	8.431418	19.759843	4.670223	0.624864	0.317846	8.799263	10.737845	10.70337	8.149078
7.070796	0.013335	13.41112	12.177191	12.047591	9.211896	3.565164	0.492914	10.152182	6.659993	2.68318	6.912511	14.444071	1.158055
1.313482	0.013335	0.585602	13.418434	2.574444	12.161687	12.604316	12.228125	5.738879	5.399709	10.854862	10.996535	10.304721	1.805868
12.965725	0.013335	10.64839	5.778705	9.670439	8.926983	9.429641	2.028051	1.901725	6.692408	13.739325	5.745488	8.11319	4.346594
11.143712	0.013335	3.573556	4.231302	11.982938	7.04958	3.16206	11.292547	3.380906	7.917781	12.263572	4.139005	14.966149	4.883559
8.116616	0.013335	2.177342	10.536679	1.144791	14.348226	1.23386	7.670317	13.01281	6.684301	13.876581	2.009267	6.327104	12.848771
1.042358	0.017783	11.388842	8.942998	3.702248	6.784855	6.831522	11.414298	9.013196	11.423978	10.475329	10.626983	2.984158	5.351452
1.111903	0.017783	1.938831	1.015699	6.414212	5.775133	13.939587	11.497315	12.036151	14.054261	6.652067	12.473852	10.181317	2.891891
10.259724	0.017783	3.727125	16.655798	6.262314	9.225586	8.215156	7.97715	7.473982	16.440884	2.584374	0.029015	2.659086	8.472025
10.948641	0.017783	6.793356	5.563186	5.528931	6.907003	1.059803	12.348199	14.066081	14.301425	12.559547	8.46338	1.175823	0.266841
12.927068	0.017783	6.743711	5.239334	16.301173	6.207599	16.822981	2.952898	1.207562	5.221276	14.126403	2.0221	8.080671	2.129441
14.547597	0.023714	1.410371	2.502421	15.632859	8.65514	4.918997	7.527813	3.311699	4.0859	8.623473	10.907404	12.314075	5.538539
11.240862	0.023714	11.699172	7.715751	0.062732	11.906752	2.517891	6.691063	4.241508	10.379607	7.383769	6.885626	12.360572	6.890979
7.223464	0.023714	3.823022	5.751977	10.607121	2.875091	6.378556	3.83958	9.813091	1.279278	13.038198	13.011482	11.435121	10.900307
6.454409	0.023714	16.815508	0.23851	11.983909	6.560778	0.184008	11.25108	3.714072	8.468875	4.487979	12.232539	15.03253	2.552088
7.473298	0.023714	12.342479	6.910213	6.194472	11.516386	9.257568	1.303414	10.74799	3.907054	7.423222	9.636267	3.389884	9.874039
2.291561	0.031623	19.59328	0.246196	4.579427	5.499149	1.147421	16.735519	1.667383	14.187497	17.661716	14.483595	0.235188	1.640446
4.402738	0.031623	10.574399	3.886964	10.87676	10.720275	12.733552	15.130887	1.3873	1.228431	3.019357	14.855295	7.496439	3.655982
8.56866	0.031623	14.326365	13.866315	1.378729	3.173298	0.872038	4.70458	6.35343	9.681952	9.624008	7.268997	7.999308	12.150697
12.03244	0.031623	8.506362	8.994484	3.781369	1.052337	7.829739	7.599155	8.659805	4.584375	5.267073	10.052985	10.453452	11.1548
8.777271	0.031623	4.507706	9.183405	7.341899	9.434838	1.597103	14.132209	4.97954	2.145388	3.892704	16.292147	14.770521	2.913646
12.152089	0.04217	8.506919	4.03474	12.509478	13.588685	5.596484	0.95314	15.516917	7.517762	11.950829	1.02849	3.46833	3.133968
12.239714	0.04217	6.94997	7.575201	6.366007	8.430348	13.417881	0.311899	4.714326	6.916395	11.699008	14.225636	3.599123	3.512323
1.840626	0.04217	6.175225	12.710943	8.797641	0.146361	10.785992	1.488434	12.580038	3.559184	13.889932	2.362812	10.31791	15.302732
7.004171	0.04217	11.349228	11.090709	11.342363	5.683996	2.847987	10.306917	6.753046	7.744634	3.033734	5.656116	11.959968	5.184959
2.101263	0.04217	5.863481	15.12569	4.737751	1.986774	13.386243	0.545226	12.684215	3.684307	6.750129	16.500253	15.319234	1.273263
6.515173	0.056234	12.474095	0.135893	10.875322	12.653287	8.931749	1.343144	4.852618	6.052993	10.317312	12.515474	12.694468	0.582237
1.7211	0.056234	2.262278	12.710744	8.524996	12.786616	13.368224	9.49438	7.56529	6.287327	11.777929	8.323052	1.169136	3.952695
6.001604	0.056234	14.528639	9.112684	4.782514	14.266686	0.651335	1.75439	0.537717	15.557237	14.758289	3.657366	1.472428	12.862875
6.050923	0.056234	9.418404	5.326398	13.917082	3.581203	3.731087	8.541305	12.884218	7.288284	7.176252	4.344605	12.32107	5.362935
3.521564	0.056234	0.710128	7.864501	12.743605	1.723522	13.522216	3.699436	7.9187	12.54864	12.916313	4.068625	14.184544	4.521971
16.423837	0.074989	1.288984	5.717485	2.537823	6.47465	5.261224	6.094733	7.935781	14.688695	13.174785	6.493686	11.327229	2.506098
2.062352	0.074989	11.608339	3.771415	3.181464	2.154347	13.639941	9.381544	11.573805	10.260902	13.976419	10.06727	5.89478	2.352432
2.88725	0.074989	11.05269	14.283999	9.70537	10.659336	4.513115	6.429943	13.692271	9.025543	7.119026	3.393454	0.63969	6.523323
2.151795	0.074989	6.704246	6.586083	10.203145	0.827509	13.798217	3.498441	10.266395	2.707029	12.585196	5.454603	7.895165	17.247186
3.204406	0.074989	11.141207	11.550286	11.470547	0.238116	8.534326	3.496243	1.027672	2.66367	10.351837	10.538714	15.328314	10.379672
14.315373	0.1	8.655646	10.905355	2.982422	12.791082	10.361706	2.110363	2.203616	13.410691	5.189103	0.742862	12.227963	4.003819
10.262769	0.1	3.502897	8.248685	6.977439	10.432115	9.337021	11.241072	11.62725	8.689937	10.225408	4.205672	1.636231	3.513505
14.657927	0.1	10.30807	0.575002	8.020741	14.808154	6.578707	3.496576	7.450415	1.3504	15.686727	8.015884	1.737454	7.213942
7.008685	0.1	2.729933	1.242044	4.590428	12.655338	1.577595	3.535264	11.199194	13.400892	11.318267	8.969109	8.191572	13.481679
16.853116	0.1	2.137141	7.919924	1.979832	16.417561	11.887379	12.591297	3.541101	4.535877	2.31809	7.473493	4.286999	7.958191
13.78248	0.133352	1.51904	10.674229	12.243381	5.405837	12.186878	3.793156	3.46723	7.801418	7.652921	8.63364	4.024318	8.682119
2.104588	0.133352	11.053033	3.285338	1.747212	5.351355	9.231382	9.167593	11.235658	6.105749	9.761009	8.725825	10.240391	11.857514
6.167004	0.133352	6.286383	10.171566	5.644195	7.145549	7.464395	5.612714	0.521069	7.896701	10.426751	10.50504	12.442811	9.58247
17.538064	0.133352	7.417819	13.357381	5.816251	3.089561	4.585624	7.487162	0.073092	12.997421	8.345404	0.565257	15.197621	3.395993
6.801392	0.133352	7.26976	1.773232	0.366934	5.136131	10.194909	0.657324	15.579473	12.614081	5.038605	15.917491	6.004923	12.512393
17.789766	0.177828	12.902642	4.181623	0.850883	10.621732	0.441551	0.053202	15.1426	6.536598	7.968388	5.546583	13.406772	4.379831
5.314198	0.177828	6.288365	9.340041	10.992636	1.278276	3.711904	2.654486	11.886768	12.6245	11.669309	11.907256	6.759461	5.394973
18.998166	0.177828	1.892422	0.996775	5.798129	4.842219	3.176671	6.173167	1.087909	20.664521	1.15018	20.061734	3.971045	11.009233
10.752409	0.177828	9.943126	11.453652	10.337383	4.992209	4.851205	0.963445	12.789388	10.889123	0.617863	11.470395	5.962127	4.799844
3.147515	0.177828	4.812884	4.898973	6.452185	10.921198	5.803115	12.898058	0.034711	13.807338	13.912496	4.026654	4.66797	14.439073
8.426367	0.237137	4.213953	0.852497	12.808869	12.41423	12.814236	8.94819	7.776957	9.265849	1.281653	10.417089	9.479786	1.063187
3.391228	0.237137	12.728855	7.25162	12.474877	7.283316	12.336369	3.010657	8.510277	3.664295	6.843212	9.709823	4.337417	8.220918
12.06483	0.237137	9.712481	10.936047	2.157593	6.840428	2.398678	14.990202	2.387888	2.247077	5.054293	8.948873	7.725294	14.299178
12.969315	0.237137	5.528822	3.299553	2.532044	0.941452	16.134578	14.717709	12.67339	4.572176	1.138887	10.874309	1.001778	13.378852
11.031106	0.237137	7.052139	8.55678	2.220115	6.304044	11.331856	8.283318	3.410456	1.958224	11.715159	15.539678	10.798983	1.561006
12.685161	0.316228	1.626082	12.848093	7.488309	6.675906	1.182154	13.689875	0.075316	6.285852	2.675098	13.913803	7.850488	12.687634
13.885862	0.316228	13.282324	7.037403	10.072651	6.151441	5.827844	9.706584	8.998814	6.199942	6.118347	4.756343	2.529309	5.116908
7.302917	0.316228	14.808053	13.682752	0.421984	11.611754	3.977602	10.866812	5.154645	2.268155	4.892809	10.52511	7.482529	6.688649
11.373402	0.316228	12.559464	2.300193	12.402182	7.867059	11.302665	1.77383	9.390879	1.782751	3.524273	8.841168	8.979761	7.586146
12.54249	0.316228	9.99133	2.141491	0.197626	0.688082	12.760415	14.712586	8.298658	14.261025	7.172133	8.701033	0.494695	7.722206
3.500341	0.421697	15.421039	8.624543	12.467326	4.44	11.559377	0.601004	18.136956	0.99254	7.227511	3.893568	8.418113	4.295986
8.758308	0.421697	1.440484	9.864539	8.0833	4.479128	15.610102	12.638214	9.048445	0.977521	4.760726	7.002451	1.172572	15.742515
4.978139	0.421697	11.523205	2.503642	7.570218	9.668645	8.661452	8.451831	3.457913	7.933953	13.464265	5.097245	4.053882	12.213913
13.072628	0.421697	1.08676	4.21349	11.879494	13.484791	2.372908	13.129911	8.733251	9.422378	6.85487	7.664612	0.784146	6.879066
10.114925	0.421697	10.934546	7.696489	5.426375	10.722348	7.031343	11.512103	2.587895	8.595566	3.632533	1.014595	13.073595	7.235992
10.288477	0.562341	11.878287	10.405751	3.19182	0.087971	8.147937	9.184033	11.99895	0.976413	2.825544	11.470021	9.757337	9.225117
2.235343	0.562341	12.912859	5.799822	2.414307	9.155679	6.679786	12.733482	10.895229	5.268353	0.587019	13.574825	8.337943	8.843011
10.203477	0.562341	0.037716	4.987036	4.367432	13.01701	13.750231	12.356763	5.888102	0.480102	6.598303	13.353983	7.489132	6.908372
13.282848	0.562341	12.602242	8.058899	1.856624	12.661004	8.773637	10.906861	12.250132	1.914043	3.764605	11.471882	1.031011	0.863871
8.034543	0.562341	2.317513	7.284189	13.24848	12.229456	1.943049	3.083262	12.93355	4.875219	10.014378	0.350012	9.286125	13.837884
4.797737	0.749894	7.436789	4.426775	14.561504	7.069476	3.642039	12.257775	6.446723	4.482112	11.778077	13.757227	2.54479	6.049082
3.09175	0.749894	4.421926	9.372422	11.939894	7.998989	12.87859	11.227514	3.725758	7.087077	7.655085	7.013058	4.147568	8.690475
5.34324	0.749894	1.107933	0.10196	1.21449	14.506448	3.421175	9.405224	11.819648	9.986165	7.226059	8.396093	12.649351	14.07232
3.358832	0.749894	0.627036	11.754835	3.181939	7.02688	5.697878	7.406601	7.969156	8.308217	9.344352	14.062687	7.42276	13.088934
11.619354	0.749894	4.149167	6.947012	5.930312	10.879855	4.685789	11.39826	11.540453	8.024689	8.680757	8.089944	0.050417	7.254096
8.744388	1.0	2.512249	7.271033	3.677569	0.062415	5.03167	11.554292	11.935075	7.838077	12.203679	13.004541	6.92123	8.243783
2.539654	1.0	2.812955	8.925974	0.885787	8.253836	15.76203	7.689386	16.102843	6.796505	1.645214	13.006458	13.181843	1.397516
9.367145	1.0	12.713454	7.322392	14.377623	7.679005	4.037544	9.323198	3.278766	7.810157	5.387233	4.209261	9.455897	4.038326
12.81085	1.0	10.121383	10.552032	1.673864	8.327753	6.327179	14.522177	14.138871	0.736324	9.5	2.422481	4.601727	3.265359
10.012128	1.0	6.396267	8.037269	10.696559	3.31139	5.991717	0.966068	7.740887	9.622168	8.687756	9.421826	9.651987	8.463977
11.050871	1.333521	10.161003	2.936078	6.444842	10.980557	5.456241	1.103861	9.462521	9.299713	5.364831	9.540449	10.256306	6.609205
12.285701	1.333521	4.388445	1.774711	12.678923	7.623746	1.661667	9.700072	5.310224	12.326065	5.087105	12.62818	3.73508	9.466559
16.852792	1.333521	15.655208	1.396276	6.776033	4.608244	7.76478	1.21813	3.88605	5.050398	12.973145	0.854751	14.203715	7.426956
6.770419	1.333521	5.316182	6.452929	11.429246	6.170863	10.458635	1.709035	13.994616	13.954226	1.145106	3.290325	11.834866	6.14003
10.363114	1.333521	10.181343	11.573899	4.412449	9.153159	12.158105	4.761967	6.529349	1.68487	9.486158	4.065972	5.428945	8.867149
0.618747	1.778279	5.794346	13.837374	3.957825	8.046181	16.262525	5.165325	13.416907	0.984122	2.861371	12.961616	12.978875	1.336507
1.15896	1.778279	9.274043	6.05161	7.265659	9.398635	5.783053	2.536191	11.971076	8.541094	15.015884	3.998768	7.690922	9.535826
4.587166	1.778279	10.271364	7.232183	3.561846	4.482574	12.168199	7.74477	12.108808	6.905541	0.291325	14.386358	5.603499	8.878087
7.149304	1.778279	1.305255	9.273204	4.042866	10.734144	10.065215	10.39116	9.613702	6.331998	9.590206	5.974353	9.107591	4.642723
10.141023	1.778279	0.955808	8.345349	12.080509	7.429986	4.708282	8.171684	11.223211	6.619051	10.982018	4.92983	7.609183	5.025787
1.622859	2.371374	10.763027	8.874444	5.969872	9.541693	9.273995	10.676511	1.191305	8.945442	7.422755	13.792061	4.134886	5.419777
11.365173	2.371374	8.855763	5.639563	4.703376	8.701321	7.404052	8.24992	3.211273	1.910784	11.446573	13.048187	5.410534	7.682105
7.346864	2.371374	8.978188	13.625524	4.346795	8.442776	2.21496	7.265129	3.708132	6.301387	11.846982	11.139657	5.203298	7.208935
15.584605	2.371374	2.045436	1.797739	2.437095	4.072309	3.560993	9.248974	5.814638	10.600973	11.906885	13.074298	13.496898	3.987784
8.567289	2.371374	5.215259	12.729478	8.188269	9.702429	8.415923	10.933667	12.488929	0.059732	7.120995	3.058882	6.416832	4.730942
4.357515	3.162278	6.201992	2.05435	5.785362	13.49266	8.860242	14.55675	0.98647	13.253332	4.024767	12.290968	2.885228	8.088087
5.263559	3.162278	9.254133	1.247285	9.00945	5.692104	5.149294	7.833386	10.418187	9.088127	6.498541	9.855385	8.426778	9.101493
12.554115	3.162278	1.520465	0.242978	13.930384	9.408391	2.729044	5.761659	12.171576	10.118443	1.240601	10.142166	8.430332	8.587569
13.44071	3.162278	13.483371	12.911306	6.047092	4.708154	8.45427	1.323065	9.440926	5.169721	5.981819	13.461253	1.638454	0.777581
4.355751	3.162278	2.557829	11.381144	11.335551	8.41161	9.100592	12.34508	5.230107	2.928788	10.385665	11.358879	2.866449	4.580276
7.995407	4.216965	6.383731	1.12722	5.62556	11.986234	8.217072	13.047055	0.08883	4.680489	5.145665	14.79262	12.489679	4.203472
14.070103	4.216965	12.814889	1.663811	12.468816	11.003735	1.135625	2.539519	11.58609	1.686419	13.87186	0.192641	8.790167	3.959359
10.788266	4.216965	8.778645	10.981564	10.509866	6.976711	7.933768	6.346236	13.019453	1.437232	1.390173	1.414708	6.276271	9.930142
7.074695	4.216965	4.775248	2.309361	5.196513	16.260977	18.006302	4.94571	1.89281	6.56828	0.303892	14.826098	7.660117	5.963031
10.089008	4.216965	7.642101	0.853089	10.08459	4.768202	9.96373	8.815929	9.181896	10.700163	10.300938	8.859561	2.973391	1.550438
14.848609	5.623413	8.005432	2.684927	4.186097	5.559753	13.402991	2.751288	12.160333	6.531932	2.573514	10.422204	2.100395	9.149111
12.203352	5.623413	11.677924	0.057755	10.017466	12.810073	5.241316	0.285084	1.266423	1.962972	10.876816	5.74648	11.870761	10.360163
1.981302	5.623413	8.917938	0.580426	0.366036	12.596259	6.180899	7.919516	9.04113	9.289631	8.271207	9.540876	10.365756	9.32561
0.917528	5.623413	15.527684	11.545814	4.216973	8.576938	12.028644	1.759834	1.148196	5.246118	13.73396	10.041506	5.903242	3.730149
13.596482	5.623413	13.710584	16.226811	0.342587	0.384079	10.199459	4.216852	15.32098	4.309062	0.062947	0.513109	9.124486	6.369147
2.538341	7.498942	6.822894	13.582608	4.093823	8.201715	7.090819	2.099635	9.018536	10.25265	14.849805	10.574309	1.767248	1.608676
10.491597	7.498942	0.181716	13.611554	3.950625	11.51204	4.500349	5.863999	12.971434	5.454849	9.639392	0.701261	4.053808	9.568433
1.250849	7.498942	7.765513	10.655638	7.825371	6.457694	3.542809	12.573441	0.310634	6.108455	9.132162	12.492119	1.661403	12.724969
2.903749	7.498942	7.254901	10.906514	11.03573	12.934893	8.470411	9.611498	1.664765	1.750871	4.305927	5.383546	12.937863	3.340392
11.464089	7.498942	3.108924	16.909106	8.369689	0.752398	7.036695	16.292772	4.127319	6.005783	2.672114	10.933347	2.835167	1.993655
10.25813	10.0	1.690393	8.738477	11.288418	3.6906	5.626748	5.072752	9.988465	10.147949	7.359215	7.337813	5.359684	3.441356
11.423359	10.0	3.960443	10.576021	7.168937	0.369892	11.846876	4.748159	11.656033	7.75962	1.686873	13.076272	1.810866	3.916649
3.03081	10.0	10.300921	9.886136	13.04778	7.632036	12.393609	0.84206	5.326939	3.628857	1.727164	8.023976	9.311871	4.847841
9.081637	10.0	13.541831	3.668822	11.195886	3.411654	3.233291	3.700286	12.827035	1.931359	3.615141	4.285097	4.512863	14.995099
11.671173	10.0	5.866876	9.184542	9.2906	10.575326	10.950799	7.076091	0.465344	5.692817	6.366832	6.308442	0.033531	6.517628
3.665326	16.562381	0.01	6.095244	1.123868	11.503486	1.145571	14.012773	12.824076	10.691016	13.150615	3.959181	4.072687	1.183774
3.687828	12.026034	0.01	6.845014	8.087976	12.070293	4.190288	8.413063	9.255693	6.190232	6.231122	10.870049	4.246323	7.876086
2.657325	4.407141	0.01	0.458305	16.167809	7.446248	2.226505	13.706685	10.462302	3.546593	11.5608	2.675618	14.426451	10.248218
10.133246	14.198616	0.01	10.081323	0.21002	4.509952	2.931834	11.24393	10.823853	13.97845	1.479873	5.889974	11.457489	3.05144
11.657384	1.289841	0.01	6.185005	8.084489	8.151539	10.299335	9.389189	11.245585	7.439811	3.217962	5.601377	8.867358	8.561123
11.604046	7.863063	0.013335	14.139732	11.538732	7.306282	8.951741	6.398353	7.240123	7.889618	3.841468	6.227723	0.412324	6.573461
0.318995	11.944689	0.013335	2.509288	16.321162	6.483054	9.631238	4.90997	4.859884	15.150039	4.088217	3.927296	7.676844	12.165989
4.043368	13.018904	0.013335	7.720893	16.170842	7.004843	7.93181	2.912062	6.754297	4.816963	11.576006	5.016965	11.24464	1.775072
8.125436	4.976297	0.013335	6.975455	13.168913	9.69815	3.929391	7.266772	11.689918	6.802173	7.507326	0.95694	9.531799	9.358097
9.781855	8.848791	0.013335	3.506333	0.958946	11.574399	6.188473	2.560469	9.982224	12.451657	0.037133	10.97457	11.601675	11.520141
8.229616	8.203589	0.017783	7.387239	7.591346	8.220959	2.705529	4.874161	7.991534	11.457269	8.211499	10.939411	9.448971	4.721093
6.586947	3.004168	0.017783	3.252512	5.244702	1.847426	7.749763	9.261454	0.454474	4.008054	20.068531	10.645011	14.742771	13.116404
7.142186	8.822533	0.017783	7.305838	8.5505	1.438913	9.637636	8.425468	11.135537	11.545568	10.54206	1.525199	2.811827	11.098952
0.481367	8.191737	0.017783	2.982198	12.121658	4.9141	1.781786	6.051697	13.64304	5.946173	9.122169	12.902765	12.897918	8.945608
3.035733	10.472892	0.017783	4.561777	10.832185	1.735578	9.312131	3.549972	7.178558	7.383384	11.321685	7.662537	10.039261	12.896524
1.63569	3.478123	0.023714	13.801208	11.422283	13.888567	7.799114	1.204686	2.188053	10.223514	11.73144	7.6926	1.121328	13.789682
4.052895	0.319647	0.023714	12.155805	2.301372	13.069475	14.585289	6.294804	7.316652	4.009967	7.271286	8.861456	9.288398	10.449242
16.293652	9.555067	0.023714	5.019593	0.254721	3.079374	4.794054	15.809318	3.169217	0.197087	8.980428	15.564439	1.904505	15.35483
10.296978	7.672403	0.023714	6.132286	13.149562	12.584516	8.730486	0.190633	10.561286	3.614987	7.326661	0.53603	12.957682	6.222777
11.880566	7.935382	0.023714	3.267619	9.317373	8.261828	4.442495	9.031632	10.136396	11.652058	12.809067	3.44837	2.302341	5.491159
2.647631	16.576112	0.031623	0.681161	13.167337	3.145915	5.49407	9.76947	14.944538	6.04065	14.955788	0.9539	2.810601	8.781205
17.564555	8.953576	0.031623	2.701542	2.740476	13.371734	8.174414	4.807382	9.134509	10.201473	5.116092	1.971569	13.157647	2.073408
0.53061	12.377678	0.031623	10.805556	11.868639	6.650411	4.993971	6.517055	5.834396	13.274554	10.919418	0.246546	6.204458	9.745085
15.393756	5.570212	0.031623	8.385854	1.971971	15.60543	6.261304	5.485835	5.556377	13.56105	9.707638	10.171801	0.07916	2.217989
1.834155	15.998426	0.031623	15.681416	0.218446	3.730828	9.70455	10.09392	5.650022	4.328436	4.618705	2.345885	15.459569	10.304018
4.187213	4.901239	0.04217	2.552879	8.298107	16.14842	2.016021	5.156365	4.815468	6.996906	1.268888	11.183313	9.875377	22.557635
10.761849	14.97462	0.04217	1.737897	9.430662	8.18102	13.254621	4.033102	3.563209	11.336087	4.069504	15.883618	1.89238	0.839262
14.886391	2.589174	0.04217	4.56439	6.237105	0.616774	7.887255	12.312826	3.800518	5.924919	6.772215	12.637432	8.002253	13.726579
7.753124	10.365312	0.04217	5.347552	8.433821	9.44317	11.004714	10.393459	6.838666	0.871747	9.112772	0.280788	12.391575	7.721129
12.792392	12.558184	0.04217	11.503346	2.347127	12.636297	14.487704	3.573724	5.37504	12.038489	5.283331	1.32626	0.080635	5.9553
1.626883	11.627658	0.056234	1.593369	1.548296	13.123648	4.561689	17.436353	4.677168	12.37785	8.126264	15.13881	4.836395	3.269381
10.760504	3.246118	0.056234	14.797663	6.19997	11.390807	0.688755	14.753451	12.190546	5.154544	1.397161	4.786945	3.80817	10.769131
5.745631	11.483329	0.056234	9.286206	7.893562	3.212368	1.167882	8.527657	9.329498	5.439693	10.50307	12.500621	4.46697	10.387278
7.361192	12.654833	0.056234	8.742044	12.162565	6.920753	11.695021	8.548973	5.136495	6.591052	2.984664	10.439252	5.220579	1.486341
9.671326	6.405977	0.056234	13.252477	12.830543	2.54171	6.233207	1.692141	7.757436	0.942676	5.592919	9.538204	14.557532	8.927619
11.543083	4.651451	0.074989	11.731855	9.691777	1.722672	11.623862	18.95841	0.464786	1.579858	15.372996	5.491502	1.263103	5.829655
13.253945	9.237781	0.074989	7.449556	6.205686	6.567566	2.653193	6.324251	6.476314	12.621782	12.275096	3.573019	5.03887	8.247952
10.774174	10.582869	0.074989	9.536697	13.396552	3.235377	8.341552	11.463279	4.473734	4.316415	5.598926	4.502175	8.504519	5.198742
5.235298	13.048223	0.074989	7.554587	4.09487	12.041024	13.684524	6.889737	1.997589	2.509622	7.97927	5.8538	5.415216	13.62125
13.183552	7.036971	0.074989	11.658055	11.698999	3.351734	1.322439	5.758532	3.283955	10.137224	1.167419	16.201481	12.547053	2.577597
12.705171	10.893804	0.1	1.683287	12.726752	9.162073	4.723573	6.093676	6.015259	12.590611	12.691114	3.823547	2.706171	4.084962
9.911215	0.748703	0.1	9.57196	0.932748	8.614062	8.428752	10.870479	5.296307	0.561728	10.465653	5.183501	14.243527	15.071365
0.079196	6.453783	0.1	8.106401	23.736289	13.874899	1.286595	6.436283	16.662463	13.909786	1.836012	2.361047	5.119909	0.037337
0.271558	9.654619	0.1	10.119783	3.333273	7.67429	3.519437	5.371463	10.544138	14.687975	10.492571	15.035701	3.605063	5.590128
11.289535	10.444637	0.1	8.919538	11.294534	10.48511	12.136758	1.887056	4.880874	6.206695	11.213966	0.007056	2.195538	8.938703
2.022195	9.063242	0.133352	3.357262	12.29439	0.567477	16.498156	7.516174	13.91205	0.512767	1.409779	7.168427	18.394053	7.150677
2.884728	10.119666	0.133352	11.543733	5.089275	8.662187	5.540639	10.666466	7.444505	13.16198	11.362337	1.780003	6.334019	5.277112
6.883959	8.739316	0.133352	3.898909	8.221133	13.223448	14.426392	4.84414	2.353253	4.227122	7.966158	11.652053	11.249571	2.181195
4.893043	3.752633	0.133352	8.809742	4.944945	11.308343	11.031168	9.305309	6.98914	2.313896	5.715706	11.091551	10.866974	8.844198
15.447674	5.542956	0.133352	17.087062	8.262307	8.360973	13.201209	4.247742	4.964053	2.784344	2.250454	0.875614	7.107306	9.734953
2.697358	11.17349	0.177828	9.665735	5.808152	8.240968	16.923246	0.145237	13.34035	1.509564	14.25946	0.693075	15.309447	0.056089
12.307236	4.767009	0.177828	9.547906	4.523	12.02631	11.505697	11.869252	12.046094	0.638823	13.122188	0.073748	2.394321	5.000586
1.117377	10.708686	0.177828	11.694642	9.996391	6.424288	8.130431	11.18331	0.565117	8.246759	13.357108	2.277712	8.101205	8.019145
0.099879	10.284943	0.177828	2.274593	13.750222	4.353255	16.140855	11.386779	6.246881	5.279693	2.569291	10.143117	10.762414	6.530249
1.763231	8.282228	0.177828	10.086029	10.740084	4.114524	6.601362	11.677543	8.072787	11.466744	11.779108	5.167751	6.967484	3.103297
10.230743	6.116658	0.237137	4.430776	4.122366	8.529754	11.428696	12.424902	5.401083	0.662448	7.06075	12.276945	10.022903	7.054838
11.557078	15.003183	0.237137	5.686398	5.908034	13.36565	9.24464	2.679126	2.331158	8.376409	1.981126	3.303354	13.558579	6.768129
5.714671	9.332679	0.237137	10.507488	3.095008	12.718968	6.397558	4.497806	8.435553	14.631674	4.326777	0.934701	11.304476	7.865504
12.790829	2.370015	0.237137	2.979473	7.54969	17.646016	8.584211	5.147857	8.956854	4.302716	8.230984	1.485191	12.396487	7.32254
10.593133	10.194268	0.237137	7.592363	2.48996	7.621621	12.574589	5.450769	8.078853	6.893301	8.070406	9.222995	9.544571	1.436035
3.898769	7.636268	0.316228	19.826821	0.738813	6.961271	4.563832	16.659906	0.709266	1.730464	5.301712	9.11821	13.935755	8.602687
