CD4	CD8	nB	NK	Mn	mNeu	m8	DC	Eo	Tr	m4	Mg	Er	mB
13.128502	0.571546	13.90001	2.532179	9.680927	4.271714	8.633715	9.601536	9.86881	4.209849	13.470948	6.801176	3.319088	0.01
0.853931	10.434057	3.401444	11.204577	6.903703	8.455036	2.914043	4.083727	13.348053	9.917687	10.888751	8.751038	8.833952	0.01
8.877683	12.321057	8.207687	13.829031	10.829385	2.58583	7.70763	9.821137	0.651	13.390781	4.016428	1.0566	6.695752	0.01
4.887233	12.658815	14.032722	7.903558	10.620164	7.337182	3.083788	12.503943	15.204882	2.975924	1.806601	1.53708	5.438108	0.01
12.380897	8.764657	2.683653	5.859986	7.73711	2.946815	17.638835	3.146701	7.299001	4.878649	14.880939	7.456649	4.316108	0.01
4.799907	6.694287	11.193229	11.319338	6.654448	11.981292	1.298575	10.716382	10.067406	4.763438	11.790985	1.595405	7.111972	0.013335
12.226948	2.886183	3.438652	4.732496	5.022941	10.905385	7.421008	7.108205	2.840915	9.041657	9.288013	11.875976	13.198285	0.013335
6.764002	14.564241	1.636758	0.342443	7.616276	3.783014	7.754703	10.681645	12.667994	9.445288	10.081801	4.088657	10.559841	0.013335
15.516581	14.220848	14.41548	12.513142	0.575676	9.540721	2.993363	0.039225	5.988422	1.997686	14.73779	7.318113	0.129619	0.013335
0.944468	8.829433	11.871156	8.162158	11.084188	9.416701	3.930898	10.004352	8.82487	4.379829	13.037031	5.014595	4.486987	0.013335
4.573431	7.052349	8.840342	3.045661	10.038411	8.14951	1.955423	13.324995	9.578948	6.577029	6.394358	19.085	1.366761	0.017783
1.638718	2.714478	8.447378	3.916909	0.052439	12.02373	14.311346	7.488036	1.40976	7.702612	11.365244	15.9612	12.950367	0.017783
12.094533	13.307126	7.570566	7.212034	5.210012	11.559348	12.726868	2.448877	5.55475	3.185923	0.386613	9.013992	9.711575	0.017783
12.089651	10.207445	3.142902	9.200815	9.089891	6.32479	4.153351	8.047392	6.315713	10.663206	9.694212	1.163254	9.889595	0.017783
13.248382	1.164431	6.392862	14.386707	7.17948	1.559762	0.594952	5.838422	13.365071	5.546965	11.535149	12.963982	6.206052	0.017783
9.515698	11.100453	5.41915	11.379517	7.968245	8.164681	4.499565	0.905578	13.466281	9.171049	13.869329	0.382836	4.133904	0.023714
12.962119	5.121312	0.218139	10.592441	8.470389	4.684848	6.873231	4.506213	7.282562	9.582543	11.907712	12.716017	5.058759	0.023714
5.570293	2.127347	0.538197	12.324439	7.526911	1.640176	9.258934	3.814035	13.296106	11.727504	6.833858	12.010886	13.307599	0.023714
0.65506	2.439596	8.050751	16.905917	4.948876	17.279514	7.220374	2.381071	1.409033	7.800889	10.395447	2.863987	17.625771	0.023714
8.39979	13.564533	7.390122	7.710187	7.697319	9.712872	10.40313	11.925824	13.462255	1.242204	1.209854	1.031436	6.22676	0.023714
4.571204	1.25559	5.03992	8.244442	10.417143	14.075396	15.541004	15.501101	3.7363	2.756545	2.493852	14.870446	1.465435	0.031623
11.566655	4.142466	1.422173	7.19959	7.822621	10.506912	6.558498	5.770973	7.248448	12.106404	8.955995	6.526663	10.140979	0.031623
0.255359	16.158517	2.832001	5.504997	1.37594	2.855412	9.884652	6.307259	8.874418	8.639487	13.917978	13.38637	9.975987	0.031623
4.806791	3.119612	1.675436	4.649867	13.153576	12.686201	7.019108	14.749993	14.610603	3.576585	10.585302	3.863097	5.472207	0.031623
14.919627	12.401864	9.210191	8.837519	2.518977	4.589597	0.465918	1.919038	10.491443	9.764945	10.169283	9.364654	5.315321	0.031623
9.90731	0.55884	6.793805	15.926352	8.123361	6.415371	7.427114	4.677944	5.005006	15.103212	8.235658	11.385905	0.397951	0.04217
8.019011	4.223579	1.502038	9.446139	14.819581	5.454212	13.261429	5.291072	13.329117	1.386077	9.068816	8.34717	5.80959	0.04217
5.447647	12.932206	3.031137	9.536047	11.135185	2.04551	9.827408	6.977725	8.448826	1.040363	12.247253	6.102761	11.185762	0.04217
8.402542	13.856332	7.917522	11.744489	1.608234	4.062466	10.632661	4.890489	8.672506	10.928156	4.020042	8.189019	5.033372	0.04217
0.723757	1.374272	0.054802	14.468213	14.330546	5.133404	10.475252	15.696199	5.534317	11.483491	0.176166	9.407077	11.100334	0.04217
12.539571	1.968098	8.975531	15.485238	5.712592	11.57271	2.084379	5.297503	7.878772	1.791967	11.335249	2.403182	12.898975	0.056234
1.766563	11.775055	10.944972	4.272015	7.806415	1.174864	13.419982	9.275815	12.63137	3.606203	10.484897	8.389491	4.396125	0.056234
7.236074	7.833752	13.038023	10.57799	5.753892	11.409204	5.578216	9.812356	11.725949	2.826388	1.92719	3.311216	8.913516	0.056234
2.918151	12.689177	0.424093	13.775826	4.362185	3.458994	12.765972	2.324997	6.508335	13.49996	10.715006	11.189256	5.311813	0.056234
11.220606	3.279173	2.888121	5.073939	3.266743	12.295968	6.046843	11.977759	12.204143	10.948466	12.369887	0.698547	7.673571	0.056234
5.193146	15.92416	1.858037	4.82524	9.341202	5.159283	9.687492	10.020908	7.414417	5.140328	11.174366	0.860696	13.325737	0.074989
11.044121	8.908036	6.847682	6.080057	4.947447	8.103987	6.191055	3.115981	7.890992	7.042282	10.688352	6.65599	12.409029	0.074989
12.363628	2.448073	4.712767	0.241762	10.700557	11.923019	10.354403	7.534514	6.36606	8.947043	5.994596	7.883445	10.455145	0.074989
12.194873	6.375022	2.03828	12.071856	11.067513	11.968988	7.798157	0.08966	4.533756	2.429603	10.295776	11.063883	7.997642	0.074989
3.358362	2.40051	1.741214	10.066783	10.234587	9.499714	10.794226	0.991918	15.660833	13.934921	15.556088	3.960836	1.725019	0.074989
11.424275	7.672287	4.227192	1.217048	1.19802	14.394004	4.168423	7.517362	6.616895	6.217892	14.265764	7.607516	13.373321	0.1
10.126772	6.14413	0.653517	6.568722	6.357702	9.829203	7.803757	11.91293	3.381177	12.65244	4.647995	8.844984	10.976671	0.1
11.03821	1.939863	11.063411	5.386657	0.499873	11.742586	5.999131	5.712294	12.080116	8.088892	4.945582	9.838923	11.564464	0.1
7.724731	14.547282	5.677178	13.206808	11.121414	0.436264	4.720475	0.680367	3.537878	13.686439	11.28746	3.677002	9.596701	0.1
14.334673	2.713981	9.483573	1.281992	9.20908	4.696929	0.169684	13.38869	13.233644	15.53774	13.431754	2.389611	0.028648	0.1
5.118397	1.724519	13.277874	6.546641	0.748282	3.773734	5.410499	11.275801	9.196393	17.835736	12.756866	11.818376	0.383528	0.133352
3.935625	2.414044	3.628983	4.907004	10.135747	16.366809	1.964442	6.410537	10.233164	14.836052	11.462547	11.806549	1.765148	0.133352
5.990911	0.077799	0.906201	14.30581	10.622599	7.240221	5.238979	5.019694	5.168082	10.167308	11.732266	10.770648	12.626129	0.133352
6.870453	0.62803	3.603632	8.805759	11.868377	9.195124	5.093802	7.272596	4.193442	4.222962	15.069919	10.404857	12.637696	0.133352
4.340877	8.061075	7.912359	5.843661	10.405799	4.30345	9.913328	12.226575	12.154917	7.622886	8.744516	2.468739	5.868465	0.133352
1.942019	9.894731	7.654777	7.20299	11.319714	11.018708	9.20595	2.629312	8.772618	11.8319	2.987504	5.327427	10.034522	0.177828
0.785924	9.665859	15.565506	0.835221	4.435123	4.540118	8.491933	12.416024	11.272146	2.443458	10.928065	10.568775	7.874022	0.177828
3.53796	7.45986	5.693915	1.090755	0.463763	2.682688	5.569049	15.54746	12.924563	15.943383	8.81475	1.813937	18.280087	0.177828
14.778655	7.104195	5.154469	9.155982	8.501486	12.351007	11.285506	15.137911	4.422466	0.633483	5.197223	4.022265	2.077523	0.177828
0.544132	9.258306	6.563318	12.62059	11.904554	13.71201	14.897807	2.411882	3.075397	14.256334	5.922424	4.347107	0.30831	0.177828
0.469187	7.720483	5.717607	5.844274	12.41328	14.594946	4.246387	8.79734	4.494929	12.34032	7.769325	14.166123	1.188661	0.237137
11.656115	1.916826	11.661098	0.211494	8.075366	0.302506	2.950504	10.477127	8.051121	10.781002	11.371852	10.794914	11.512936	0.237137
5.582455	15.11234	1.9243	12.233917	15.415981	4.39914	2.850305	11.159753	5.041294	6.274058	0.346762	6.231395	13.191162	0.237137
16.754571	13.988817	7.236655	9.598356	5.587353	7.52944	4.130396	3.809914	0.259496	5.370343	10.735201	7.626626	7.135696	0.237137
10.564888	10.349357	4.631746	3.777671	9.350346	6.893823	4.914652	11.487826	9.915055	8.614349	8.609164	4.08549	6.568494	0.237137
6.924496	10.264546	2.214129	10.585975	6.032659	1.447268	4.605977	8.380212	11.854834	5.164018	12.338885	11.79454	8.076233	0.316228
5.277551	4.468913	11.054099	2.617643	7.693254	2.159865	12.494922	10.476651	11.829674	9.954486	8.406587	12.48785	0.762278	0.316228
6.133147	5.595214	1.23324	15.81703	3.19523	13.626132	10.296614	12.111193	5.531904	2.741473	7.2608	7.682755	8.459038	0.316228
2.199787	9.285026	1.191021	8.792552	14.091212	5.407077	4.805899	4.598619	10.578672	2.390595	9.793046	14.645521	11.904746	0.316228
15.153952	9.267823	6.363569	0.016544	1.084405	12.618743	3.986544	4.694301	8.102638	17.338538	2.436795	7.183202	11.436719	0.316228
4.604081	1.865675	14.91484	10.16011	0.934558	1.690303	1.312886	15.763814	9.717975	8.397873	2.113961	13.106816	14.99541	0.421697
3.865794	2.391315	11.659322	0.529432	5.883348	4.411882	10.932979	12.552169	12.293555	10.337726	1.889617	12.065531	10.765633	0.421697
0.839988	7.569989	0.032751	11.756038	14.411858	6.322242	8.102125	5.960855	1.294824	13.427812	9.140872	11.424056	9.294891	0.421697
10.892055	1.843236	5.459576	0.513681	14.603618	4.74503	11.317998	0.79899	9.483302	11.502237	4.669431	11.445785	12.303365	0.421697
9.671049	14.380147	13.533703	2.203078	2.940124	5.273539	13.634396	14.367244	0.515107	6.778644	3.577917	9.892675	2.810681	0.421697
2.652364	7.859065	10.054834	4.393397	6.455917	9.22704	7.996915	10.379965	10.437127	10.581878	1.509531	9.098564	8.791062	0.562341
11.657571	7.840118	16.160054	1.188393	5.254507	2.615596	6.67465	7.108552	7.501735	16.714959	5.670419	8.76869	2.282415	0.562341
6.641681	4.211568	5.257376	4.899434	5.208503	9.845679	5.086038	12.626252	3.585516	9.428549	12.111968	8.511244	12.023851	0.562341
2.191732	4.990949	12.084542	9.310214	5.245888	12.621662	0.468238	5.972312	4.509724	15.533682	15.835787	10.201048	0.47188	0.562341
10.665016	6.679748	11.055902	0.050146	2.129486	7.060162	13.117036	8.287948	8.971371	6.555419	5.003964	13.003613	6.857849	0.562341
7.111544	6.90439	9.197095	4.861715	6.405538	12.754034	5.693849	2.725283	15.761783	7.198553	9.517532	7.623086	3.495704	0.749894
14.433704	0.603795	0.470721	6.139321	10.841205	9.112693	4.066644	9.520119	3.825006	10.991851	11.447709	3.494492	14.302845	0.749894
16.109864	3.422601	2.464096	15.654887	9.812909	8.524465	2.821222	6.274145	8.280295	13.537175	7.43101	3.89386	1.023576	0.749894
9.278119	8.089536	3.249613	10.52222	4.611462	9.987679	11.618146	7.732098	8.164268	4.81215	1.452287	8.887896	10.844633	0.749894
1.588824	16.118021	7.031468	2.736125	0.613117	6.688622	3.824521	16.856621	15.372389	11.038213	4.820596	10.866449	1.69514	0.749894
4.66575	0.689242	12.370879	13.116118	10.417265	0.793713	11.364675	10.322071	10.521767	12.170656	3.680949	2.008288	6.878626	1.0
14.016044	12.353118	9.526977	1.620887	11.147267	0.833813	2.785496	7.274779	10.041171	2.833278	6.420072	4.656413	15.490685	1.0
5.736925	8.773778	1.228242	11.084864	9.923289	1.781977	11.224625	4.423396	12.267633	12.889855	10.559215	2.496338	6.609863	1.0
0.792996	13.19825	14.931166	11.806231	4.284019	13.526459	3.651055	1.749247	9.610372	5.363332	3.977301	12.175995	3.933577	1.0
4.386775	17.323756	7.304756	2.318991	15.155334	3.743047	1.538091	10.790748	13.018592	19.192158	2.861787	0.784373	0.581592	1.0
16.636037	7.712651	6.60472	9.801974	6.188001	8.05552	6.572698	5.552378	12.425468	4.605242	2.200817	3.349945	8.961029	1.333521
0.786047	9.251463	4.83981	8.829471	11.911683	3.053608	11.352425	7.403759	7.910286	9.904451	13.126554	5.509079	4.787841	1.333521
4.355578	12.683076	9.017772	1.465682	2.401248	6.614647	12.21076	10.803479	6.595017	9.628928	2.836248	11.959094	8.094949	1.333521
9.560417	11.131058	11.102715	1.642391	11.623221	0.524974	8.915701	7.393289	1.203018	3.241986	6.097279	12.8723	13.358129	1.333521
4.300186	5.480521	9.84302	1.782603	11.316816	2.916383	9.668223	9.958149	9.522737	9.171064	11.558161	11.172703	1.975913	1.333521
2.220297	6.902931	4.484422	14.014825	10.494443	2.016921	8.756747	4.21609	7.712493	4.489383	14.962858	7.866964	10.083345	1.778279
9.161093	10.24707	3.601238	3.144517	6.032015	6.016397	10.939642	6.135347	11.429864	13.150315	13.10086	2.225148	3.038213	1.778279
5.444427	0.25909	9.139232	11.723587	7.553076	8.257384	6.719062	10.845014	1.285229	9.652454	10.82878	11.932277	4.582109	1.778279
7.974675	4.660079	0.810382	2.24468	1.623607	7.22703	11.892882	11.581636	11.887708	8.239644	11.412554	9.465844	9.201	1.778279
10.201491	3.795749	15.398904	5.587687	3.692086	1.968222	3.165878	13.869931	8.537399	8.507343	8.490774	1.576966	13.429291	1.778279
10.325717	4.581909	11.46593	5.986378	14.807349	10.140894	8.884321	8.565748	1.067164	12.371035	6.505013	1.002321	1.924849	2.371374
11.532813	3.842977	16.778356	2.152132	12.434751	14.271975	6.00665	2.855334	4.443647	8.618112	2.242971	1.380513	11.068396	2.371374
5.743725	12.822975	9.126504	2.04606	14.962551	1.888065	2.904658	14.876667	13.49591	0.256831	4.476345	0.090193	14.938141	2.371374
16.746164	18.238565	2.335583	3.687247	0.330321	7.467521	5.757109	14.837334	3.333323	8.965459	0.388172	11.44035	4.101477	2.371374
0.893835	12.590861	4.889369	11.491275	1.415963	14.087828	13.125652	5.056755	3.027152	8.43427	10.698789	11.842575	0.074303	2.371374
12.470147	10.524512	2.798658	11.003961	10.901697	2.993166	1.226378	0.407823	13.156486	8.534195	1.224397	13.089904	8.5064	3.162278
11.076611	2.460993	8.444809	10.207442	11.295673	3.714742	5.031357	6.530962	10.065759	2.03882	4.774563	11.424942	9.771049	3.162278
3.011663	6.526564	8.894033	2.313866	0.857442	1.601263	5.658617	17.493854	3.874326	17.856569	10.059887	12.967835	5.721805	3.162278
11.172612	8.382394	2.978981	11.183758	11.584941	11.635042	3.700552	9.332742	2.242097	9.238845	0.914129	3.390866	11.080761	3.162278
2.999131	8.748777	3.131663	1.294778	7.34867	0.004628	9.730804	6.753223	6.099595	14.950814	8.464472	13.172849	14.138319	3.162278
11.358924	10.092715	13.184281	9.94513	0.798256	6.798585	5.826384	0.002512	7.562149	11.113664	5.212703	3.643617	10.244115	4.216965
4.287202	10.135608	8.38092	1.983948	9.453631	4.716113	7.897151	9.456591	12.041098	1.893026	8.116323	5.930306	11.491118	4.216965
13.649494	2.0519	11.887187	7.045463	0.996766	13.003605	0.632648	1.256354	12.633738	11.700585	11.407734	9.308431	0.20913	4.216965
15.229145	5.592751	2.547232	8.884944	2.669355	5.91328	4.151097	10.234889	9.56018	13.708661	13.713804	2.527229	1.050467	4.216965
4.720162	7.766174	2.400226	3.674637	5.715854	6.192304	12.736163	1.718235	14.219627	8.535106	13.176043	11.744292	3.184211	4.216965
1.244021	10.122868	13.375843	5.869345	8.446065	0.065734	4.345498	8.337567	2.333514	2.381884	5.894926	9.614878	22.344442	5.623413
10.711964	9.374129	2.92196	2.291554	14.695816	9.393978	15.014211	9.00865	2.87278	6.366649	1.260781	7.54207	2.922047	5.623413
5.650169	7.270054	5.718076	8.017285	9.407955	8.720504	5.513402	7.845289	8.281064	7.758578	3.082655	10.055502	7.056054	5.623413
8.029123	9.732766	6.637604	14.0074	6.466388	2.734998	2.452724	10.482397	0.776437	7.187524	3.132551	10.951134	11.785541	5.623413
9.811837	9.058044	6.885098	1.689346	8.012648	7.161147	3.67269	7.105142	5.210983	11.037845	11.935373	7.055672	5.740761	5.623413
9.198006	9.030865	9.229936	5.903171	11.360351	3.421146	7.830318	3.881055	5.951984	8.673791	1.860365	10.967961	5.192107	7.498942
2.39491	8.128214	12.070653	1.874511	1.532019	7.021884	4.281141	7.721105	8.514214	12.261696	11.168652	2.246921	13.285138	7.498942
7.142895	6.718732	0.052718	4.862193	10.819131	10.679078	3.318911	4.770049	12.511898	11.222161	9.509836	4.594929	6.298526	7.498942
10.830922	4.144629	2.16859	9.205536	9.204908	5.539428	7.707286	1.993649	6.394193	0.440532	12.052845	12.06113	10.75741	7.498942
4.522488	2.731227	1.516082	3.180087	9.181816	9.985876	6.4858	11.628816	7.007928	8.107482	11.663711	9.760245	6.729502	7.498942
6.394759	11.072226	6.384129	7.762625	8.439723	7.981414	10.916364	4.662058	8.551378	2.086083	7.732259	5.900547	2.116433	10.0
9.561085	7.612327	8.364187	1.739238	12.314158	1.785377	5.650508	10.060739	3.624658	12.086001	3.795318	5.440336	7.966069	10.0
1.932635	1.302752	2.784578	10.444182	12.15966	9.078335	3.6418	6.256928	3.66135	10.995513	12.189412	4.269107	11.283749	10.0
7.805679	9.478393	10.765495	6.592443	6.413443	3.112062	6.650912	1.305386	7.194632	8.042595	9.80899	4.118374	8.711595	10.0
11.043385	10.390618	4.853718	3.678288	9.813741	2.565207	10.018912	7.253586	0.248063	9.622051	12.46996	4.057878	3.984595	10.0
