CD4	CD8	nB	NK	Mn	mNeu	m8	DC	Eo	Tr	m4	Mg	Er	mB
0.001	8.649804	10.086466	12.676391	1.352268	3.340413	2.449996	10.286943	2.857521	3.091418	12.390303	8.630532	12.227131	11.959815
0.001	4.135076	5.426442	13.39727	11.452445	5.707703	12.432158	2.647682	3.479927	9.387546	13.841562	5.343324	11.091766	1.6561
0.001	11.249214	12.74151	5.266838	9.659855	2.711947	11.92992	5.062268	12.72971	10.276153	1.401792	8.519826	3.759821	4.690146
0.001638	2.190326	11.616951	9.886917	5.806832	6.95626	2.749451	15.005942	15.240448	5.748864	1.609478	11.493239	1.485567	10.208087
0.001638	5.017943	12.759281	4.581842	8.824824	1.381303	12.616915	4.593585	5.235491	13.189752	8.874021	10.30598	1.885297	10.732127
0.001638	7.318419	12.092667	13.6991	8.081474	1.175009	12.443624	3.307658	12.411747	4.788738	8.424047	2.184795	8.716492	5.354594
0.002683	2.547955	6.693355	16.504487	3.017207	8.941145	15.820798	6.249645	5.233873	2.465338	10.973306	15.779338	4.535994	1.234875
0.002683	1.652381	8.082474	10.143005	4.439103	3.692822	4.826615	2.037322	12.080718	16.587629	5.532714	4.206987	10.073837	16.641709
0.002683	7.858663	11.805974	7.574801	8.175374	6.344618	10.22017	11.183494	4.215697	13.201731	3.552379	5.386167	6.444547	4.0337
0.004394	6.071845	12.078651	6.102894	1.501805	6.278575	14.49708	10.69465	9.101039	4.708398	3.811097	6.313757	9.209649	9.626165
0.004394	7.911986	12.861859	17.353884	0.433721	7.284139	1.057851	4.519789	9.466738	6.327111	11.82277	5.270671	2.849979	12.835107
0.004394	12.183094	12.182997	7.331455	8.053634	1.31644	13.046532	2.66807	5.891554	8.919034	11.929665	12.392461	0.267786	3.812885
0.007197	10.125097	3.088013	1.362819	16.116714	3.831817	1.475644	10.061619	9.754147	11.821708	11.312461	6.564881	1.616345	12.861538
0.007197	6.434115	7.883863	7.528161	1.451941	6.065094	10.715398	6.66903	10.512502	12.712381	1.372697	10.706602	11.887792	6.053227
0.007197	6.025595	5.145523	2.263195	2.215132	10.281703	16.198395	12.188903	12.695319	4.252525	4.150524	11.801624	4.215105	8.559259
0.011788	3.56388	10.434924	11.277101	10.140519	9.249192	4.750349	11.243078	3.949447	5.52183	1.883557	8.911488	9.542795	9.520051
0.011788	3.058192	7.219973	7.895231	21.008256	4.541837	1.224761	11.860487	9.251205	2.559133	12.621169	0.336086	7.077206	11.334677
0.011788	9.039569	9.691358	17.039975	6.595195	0.903328	5.891128	1.902662	9.884765	5.610362	5.201735	0.027533	16.369465	11.831136
0.019307	1.727046	3.339081	18.846134	9.75463	17.445963	1.800655	13.763488	12.415973	5.639143	2.912185	3.018267	6.40027	2.917855
0.019307	9.37861	11.200471	11.757514	3.660724	5.268922	13.069848	11.615972	4.442143	6.527292	0.918379	13.181422	5.118329	3.841068
0.019307	7.959875	9.792477	12.590981	18.53623	5.268101	2.679665	0.060919	8.362257	11.459327	15.518766	3.211819	4.275745	0.264532
0.031623	0.507289	12.045767	2.129231	14.628664	9.019289	9.470443	7.407624	0.014496	7.551134	2.817075	7.758868	15.869527	10.748972
0.031623	0.283996	6.49771	10.594012	10.043965	3.625622	16.787366	0.125039	4.73111	2.912199	2.88568	15.148489	9.071965	17.261222
0.031623	17.121732	6.842816	5.501065	7.475354	2.292628	9.173731	1.988887	1.643994	7.977994	9.331541	14.043053	0.855732	15.719851
0.051795	10.4028	3.81989	3.179422	13.506817	7.182933	7.754172	12.125849	9.039229	6.229623	1.886054	13.540662	9.545623	1.735131
0.051795	9.60251	7.588684	4.432907	3.217209	11.364804	10.662281	3.817172	2.811506	10.540567	7.464898	7.764863	9.363155	11.317649
0.051795	11.388215	12.516602	2.425391	2.573296	6.414817	8.727104	11.225302	5.195399	10.437759	6.901947	10.551923	9.369528	2.220922
0.084834	12.249606	4.667385	1.123469	5.117831	2.211393	14.360773	1.34469	7.311326	11.913751	11.539657	3.380718	9.379589	15.314978
0.084834	14.25792	9.819639	3.071829	6.984191	14.689164	13.993847	0.30533	11.869237	0.121213	7.783007	4.558137	3.773367	8.688284
0.084834	10.514196	9.801167	14.450991	2.087495	2.778604	11.383569	4.605004	8.924135	0.778007	12.006781	1.563861	7.235458	13.785898
0.13895	2.497285	1.280704	19.796487	2.836306	5.418958	7.762238	19.112857	7.553906	8.655584	0.31489	2.825259	17.939286	3.867292
0.13895	4.357503	3.057055	6.190934	14.182802	15.762032	10.391681	3.671477	12.954945	0.203253	7.961568	16.312872	0.750489	4.064439
0.13895	6.480374	1.203499	8.083515	8.07735	6.168084	9.628508	10.651015	13.403174	5.417903	9.28862	3.500145	7.126777	10.832085
0.227585	8.338451	6.432051	5.731915	0.855395	9.802129	11.107612	11.31302	11.988926	9.729378	5.707448	12.612909	4.058998	2.094182
0.227585	9.653999	7.922125	0.383469	4.323973	4.699083	13.544924	4.172971	4.011305	10.483878	11.342181	6.579554	11.587622	11.067332
0.227585	5.071084	11.614581	1.655389	15.587659	4.212051	17.819572	0.083557	9.042409	8.213414	11.683263	10.346585	2.013227	2.429624
0.372759	1.581775	0.549616	5.283126	10.709712	5.658411	15.711362	0.627114	15.697309	2.575766	13.751566	3.50042	15.854216	8.126848
0.372759	9.758522	4.038953	0.702102	9.071479	13.126228	8.993349	13.292198	12.569554	8.829212	12.947158	1.776294	4.297233	0.224958
0.372759	2.133073	10.847793	17.204937	1.264684	4.019027	6.469693	3.962106	5.547802	1.301005	14.138367	2.873922	15.706247	14.158585
0.61054	1.78671	3.69509	2.82316	9.403358	7.265094	11.818657	0.319804	10.681206	5.581589	11.290093	13.71896	8.036298	12.96944
0.61054	6.737635	3.468312	6.321848	9.617533	13.56709	13.081468	13.476085	4.910436	3.201783	6.817837	14.11258	3.626693	0.450158
0.61054	7.210884	2.910857	5.250118	7.87688	8.422022	11.725022	9.334306	0.519674	8.366356	14.743011	11.3045	10.351803	1.374026
1.0	3.410641	2.597033	13.771687	4.906302	0.188824	11.23129	8.185789	12.140848	8.416849	3.741615	12.424614	5.243365	12.741142
1.0	1.006964	10.988707	1.173012	6.129895	9.710528	17.011235	16.31706	9.242385	1.17786	16.585333	1.005771	2.995309	5.655942
1.0	5.588813	7.417519	6.382926	6.776286	11.981372	0.182647	14.300065	11.170921	15.361374	2.846664	7.222462	9.709622	0.05933
