CD4	CD8	nB	NK	Mn	mNeu	m8	DC	Eo	Tr	m4	Mg	Er	mB
0.144291	7.367377	7.917214	14.603716	8.007906	10.50334	4.999058	9.674203	7.725441	0.001	14.295928	6.192554	7.450429	1.117543
1.820407	8.625282	11.51566	9.901655	9.531374	8.686866	5.134572	10.000571	0.07078	0.001	4.071329	8.441365	11.518857	10.680281
10.751896	5.615848	9.954873	8.848789	9.93878	9.175151	1.606317	6.585624	10.260221	0.001	9.891698	4.756228	4.800848	7.812729
1.881831	12.252853	9.637219	12.170192	11.567378	11.969683	11.422995	1.919221	7.673254	0.001638	0.41926	2.571568	4.074087	12.438823
6.061118	9.353678	11.470786	13.400911	10.700499	11.609616	1.904719	8.821081	2.995326	0.001638	4.859268	6.943389	10.25892	1.61905
7.413525	11.390303	9.770982	3.734398	0.060965	4.377763	6.673991	11.074758	11.244129	0.001638	11.497297	4.669527	10.624775	7.465949
2.60857	14.703114	1.737802	0.02525	0.237815	9.106132	6.846565	12.865143	16.152948	0.002683	14.898921	9.75641	2.539158	8.51949
9.276283	1.67043	3.530193	0.096313	7.230975	8.583582	8.060528	12.733552	7.961292	0.002683	9.746959	10.068344	10.40365	10.635214
8.249525	4.406161	9.184407	11.138427	12.984572	15.045528	4.045334	9.473568	4.539465	0.002683	1.115098	6.472993	8.529369	4.81287
12.193611	4.240786	6.010631	2.051876	1.269052	0.024435	15.135778	5.699354	6.466427	0.004394	12.853138	12.481333	8.901444	12.667742
13.820979	8.830389	0.116135	8.602009	9.713602	0.64304	7.58804	12.738778	12.508535	0.004394	4.015451	1.816057	9.176965	10.425627
12.85715	1.016305	4.361101	5.083574	13.069121	1.250651	8.939785	9.677771	8.90583	0.004394	8.933105	9.256177	13.529386	3.11565
11.563275	12.053329	12.010246	11.924837	9.884415	4.202053	4.075283	1.746436	0.92678	0.007197	6.086623	9.126708	4.664875	11.727945
3.897664	0.32316	0.3581	5.524735	16.207449	6.274191	10.191761	1.083183	16.077208	0.007197	12.687279	3.50736	15.175141	8.685571
1.97208	4.335309	1.570489	11.69248	12.200422	14.481742	7.837396	8.507445	12.437612	0.007197	11.630475	0.116759	5.722699	7.487896
2.754004	3.991404	9.952702	13.3669	9.349533	8.078927	13.637751	7.827491	13.24019	0.011788	7.89307	6.029988	2.125229	1.741023
12.872867	10.439347	14.820258	12.740423	7.383564	4.646578	2.283743	10.403936	1.961473	0.011788	4.950951	9.177929	3.555179	4.751965
10.889433	4.586559	3.265509	6.071987	14.324576	9.227803	2.892469	6.899341	9.232555	0.011788	13.593647	0.455122	8.054272	10.49494
12.557853	2.782495	5.290627	0.445453	3.402156	12.246201	12.619626	3.828802	10.495839	0.019307	13.785592	5.289365	13.725603	3.51108
1.428434	7.820467	7.735695	13.730259	4.40827	0.445478	0.57217	11.952791	7.634861	0.019307	4.451522	9.679861	13.197868	16.923017
3.942984	14.087483	12.213418	6.570492	7.906224	11.984239	8.028736	5.558147	1.599626	0.019307	5.152787	5.000458	7.708664	10.227437
12.234907	2.627817	7.52103	13.240614	9.370746	8.930571	10.665254	3.35538	9.386899	0.031623	5.439244	5.648117	6.69725	4.850548
11.940051	1.475826	1.890627	5.249891	4.802686	12.281942	15.501978	5.956041	10.595307	0.031623	0.798665	11.903685	15.547876	2.023802
6.593154	2.337741	14.3578	5.71709	3.256907	3.732265	7.913672	7.223176	13.726379	0.031623	6.243491	12.476581	5.427334	10.962787
10.05806	10.10664	1.635615	5.553523	7.791634	12.074407	2.745177	13.289494	3.15781	0.051795	13.538472	2.674608	9.010534	8.312231
4.2758	12.815203	6.42679	9.50131	6.052489	0.239859	7.41816	9.710249	6.095733	0.051795	3.451558	14.687151	5.804714	13.469189
15.358266	14.135381	2.980428	6.935727	2.619104	12.508327	4.244607	8.632971	6.407474	0.051795	8.968105	7.104785	4.74108	5.31195
5.172427	4.142094	0.460088	9.154229	10.90821	5.549733	11.183101	2.802651	14.90227	0.084834	2.345038	11.729809	14.446315	7.1192
10.709271	17.840949	13.709694	3.392565	10.757976	2.394867	9.462992	10.176722	0.796194	0.084834	0.294125	2.521215	1.61004	16.248557
14.522362	14.807342	1.873461	3.184899	4.015508	2.635841	4.738777	16.867159	13.186341	0.084834	3.166043	10.866561	4.487672	5.563199
12.798188	4.62864	10.832143	14.146005	12.657152	7.173082	7.697844	0.013069	11.466803	0.13895	9.48028	1.818542	4.34331	2.805991
5.699602	9.717559	2.028924	7.973062	5.451306	11.765487	12.64533	7.933239	3.996663	0.13895	5.378316	3.07373	12.270725	11.927106
10.193572	5.209674	3.94023	9.756727	1.071774	1.04837	16.217468	0.152026	5.668889	0.13895	8.215148	18.5119	9.63871	10.236562
10.670763	5.638882	0.996321	9.596112	8.677544	0.490209	7.725722	17.943698	3.434058	0.227585	2.286613	12.894295	8.208066	11.21013
7.048324	6.300663	8.831279	6.783457	3.977581	5.994196	0.099741	3.345409	9.404179	0.227585	14.105231	8.571489	11.937846	13.373022
12.580982	6.171794	10.606282	5.697925	11.950487	2.477539	4.874437	8.408898	5.229111	0.227585	0.484176	4.266136	12.542039	14.482609
13.589159	10.299155	0.830224	8.696244	1.366208	6.206491	11.887999	5.810758	14.575186	0.372759	1.226528	5.036386	6.03204	14.070863
2.276941	8.777076	0.201109	13.525331	18.144586	3.162032	18.065384	8.414539	8.900192	0.372759	4.193062	1.478194	7.844983	4.643812
10.414123	18.792063	3.339184	1.936894	0.750352	7.776813	5.988273	12.753241	0.353454	0.372759	10.624928	7.833253	7.743984	11.320677
9.493459	9.934667	11.314741	11.699785	0.33697	4.046159	2.502156	9.214927	11.355859	0.61054	3.793938	9.017335	10.055065	6.624398
11.549692	6.280938	8.070197	8.851455	7.922856	4.987534	5.762254	4.175741	10.370554	0.61054	9.390216	10.46402	3.17831	8.385692
0.258368	8.361415	20.145759	2.222815	16.044706	9.265421	3.842795	5.971775	18.709673	0.61054	0.410088	3.848374	9.227974	1.080297
3.018861	0.583631	12.241775	1.434427	12.389626	7.330627	10.131087	0.684427	9.195234	1.0	5.644069	13.463514	10.18837	12.694351
4.551367	2.340832	15.260129	0.415082	4.298871	3.46272	8.569857	6.267979	19.940545	1.0	3.507302	5.617517	11.822373	12.945426
1.94437	1.020608	3.078003	3.971816	5.352226	15.918365	8.232225	14.381451	6.119583	1.0	8.330486	3.843075	13.892547	12.915244
