position	MEL_TUMOR-others	PBLcd4_cd14-others
chr1:64495	-0.3325	0.3325
chr1:64563	-0.30641666666666656	0.30641666666666656
chr1:64764	-0.16975000000000007	0.16975000000000007
