CD4	CD8	nB	NK	Mn	mNeu	m8	DC	Eo	Tr	m4	Mg	Er	mB
0.001	1.075019	16.768595	6.238348	16.246982	6.085538	12.246974	3.595867	6.076212	0.13283	3.875583	10.373378	5.017865	12.265809
0.417625	13.234966	6.823774	2.892523	11.142069	13.242984	1.56211	9.036671	12.249886	14.997249	2.787306	6.891	4.158659	0.563177
0.83425	16.758211	12.93047	5.231254	4.377059	0.431744	12.607989	2.963481	4.037264	5.12827	2.849843	8.753388	15.356011	7.740765
1.250875	2.321869	9.364398	1.388708	14.458943	12.185421	8.34498	3.981994	11.328026	4.790477	10.365653	0.959635	11.265946	7.993075
1.6675	9.65741	5.567511	10.225503	7.534867	9.540605	4.285117	0.698419	5.101601	9.704042	10.575598	10.974951	9.355396	5.111479
2.084125	0.368869	9.121477	9.211226	11.079538	10.157462	4.662239	6.535926	4.549921	0.347456	10.666629	9.386638	10.814259	11.014235
2.50075	14.470905	0.658501	0.809678	16.048678	2.568168	10.081615	0.671119	1.248268	15.550153	4.010902	6.847237	13.008045	11.52598
2.917375	2.515016	8.091691	12.792343	11.605103	9.616166	6.360195	1.12665	10.583443	4.962941	13.572387	3.5373	1.603414	10.715976
3.334	8.401858	0.815948	12.123771	4.177	4.827092	4.554952	6.647898	10.851719	12.043955	10.320329	11.829631	1.989993	8.081854
3.750625	3.631141	11.348503	10.072829	9.186918	8.483119	3.84096	9.447782	10.143753	2.50959	7.135475	8.32279	2.184981	9.941535
4.16725	6.244245	5.759293	11.020694	1.608093	11.6733	0.913043	14.38148	3.57661	7.713465	17.92024	7.558145	6.094108	1.370033
4.583875	9.107073	10.529466	2.611301	11.040167	6.409714	6.955768	10.832604	1.669665	6.354967	4.877712	7.454334	7.318873	10.254481
5.0005	7.891226	3.230243	10.251673	9.690434	9.821873	10.629027	9.955429	2.912294	11.049811	7.739136	2.465477	2.285222	7.077657
5.417125	5.921055	12.982514	1.510906	10.313561	13.381741	1.888624	11.600637	3.228624	10.22569	0.065726	0.041545	7.111566	16.310685
5.83375	9.734089	10.44406	7.375859	15.818566	0.72844	5.027934	5.966492	1.766296	12.490417	1.951132	4.707247	7.456584	10.699135
6.250375	10.807132	7.74982	8.899656	7.189266	11.591916	3.94849	1.517984	11.040635	4.531766	6.88295	5.545841	4.104844	9.939326
6.667	9.988449	3.265541	4.341938	9.418926	1.297256	0.155921	3.539563	12.038202	11.758722	7.419432	11.612658	8.33485	10.161541
7.083625	12.951551	8.234695	9.801617	11.937963	9.239107	8.320869	7.498648	1.204664	0.823147	4.778278	1.265223	12.475108	4.385504
7.50025	2.339368	8.494877	5.963463	9.778602	5.302423	5.510703	13.057258	6.744	2.454927	14.013439	7.841138	7.902044	3.097509
7.916875	6.204705	2.190449	7.764877	11.560549	6.869796	9.277433	0.859853	8.947004	8.66377	6.454771	3.022403	9.960162	10.307353
8.3335	7.966202	7.19014	10.281083	9.511312	4.673734	8.534537	6.802075	1.721066	10.238957	7.102484	1.876528	11.87326	3.895122
8.750125	8.097832	12.230133	13.481253	12.130169	3.932878	1.029732	3.512613	0.599403	0.133792	3.617539	13.31074	12.427626	6.746166
9.16675	8.128724	1.977694	0.910934	11.287624	6.527641	1.029157	5.771612	11.836946	10.383993	12.213632	6.650587	7.851835	6.262871
9.583375	1.3466	1.338916	10.3604	11.227627	3.390586	6.965242	4.802735	8.006664	12.854438	0.070854	10.739782	11.324244	7.988538
10.0	6.314268	9.560464	4.06098	11.498478	6.418134	1.030594	7.659584	11.083354	5.517711	10.176428	2.580949	6.733075	7.365979
12.93853	0.001	0.215335	2.958704	11.332874	14.080093	12.065993	3.440942	0.337059	7.671478	8.471504	8.869633	11.02158	6.595274
0.882963	0.417625	7.038795	9.662709	5.532435	8.330707	18.386562	0.462546	15.386171	8.89072	10.532682	4.344528	5.353011	4.778547
12.305201	0.83425	5.321363	5.306968	12.891561	13.358768	3.978205	5.279455	1.285485	6.816411	9.540108	5.11832	7.594764	10.36914
6.494548	1.250875	9.766743	4.957539	9.914558	10.154919	0.50295	7.557102	8.678625	12.340833	7.871972	5.640417	11.665004	3.203915
5.920744	1.6675	13.645537	8.554711	4.639351	5.059438	4.562765	16.322036	1.336725	2.889923	14.941822	15.502607	4.261386	0.695456
14.428117	2.084125	7.292947	11.238092	1.458375	4.95813	10.052595	2.21706	6.256077	9.55104	8.833689	1.655014	4.138056	15.836684
2.940292	2.50075	11.133796	8.151666	9.555393	11.295603	9.182601	5.110238	12.106606	6.711878	7.746169	11.026953	0.986742	1.551314
6.034724	2.917375	10.153454	1.989506	12.259105	11.576223	7.038979	8.132621	6.636349	8.071066	9.0639	9.387412	0.047947	6.691339
6.902263	3.334	5.632177	4.300833	9.565922	7.384378	13.306473	10.047886	9.321588	1.295522	13.485976	3.157645	10.511562	1.753777
15.042089	3.750625	6.864838	2.589841	5.42675	6.905153	5.303958	2.145099	7.331581	9.562405	2.679976	7.536465	10.636653	14.224567
1.082075	4.16725	11.396686	1.32814	5.792878	11.30861	11.116374	7.666746	12.697053	0.942025	3.976875	12.458424	10.321913	5.744952
3.699995	4.583875	1.978758	13.993089	9.255971	8.118853	2.33097	11.425289	1.750322	3.037294	9.031671	11.902758	13.521383	5.369773
8.530123	5.0005	2.092817	10.497072	10.831338	4.452245	14.093704	4.05848	9.180903	13.748796	5.642047	0.26618	4.702685	6.90311
11.000157	5.417125	11.099301	5.328423	5.446059	5.237852	10.316458	10.803951	3.318973	1.27247	7.138706	3.543294	10.823893	9.253339
8.792216	5.83375	0.422008	12.974588	8.188264	2.280979	12.812294	3.219843	9.628918	12.783264	6.944045	7.397643	7.633433	1.088756
7.492728	6.250375	5.839482	7.84032	4.889555	9.292591	1.573733	4.799304	11.829751	10.48204	3.254063	6.908598	12.713985	6.833477
9.976414	6.667	2.996952	12.955599	9.02045	5.314111	0.72516	4.967553	6.797505	12.005314	9.950746	10.389615	2.327967	5.905613
0.864686	7.083625	10.611509	9.926588	8.084949	10.48121	9.203386	5.648063	9.27637	3.788482	3.993284	11.168008	2.154538	7.715303
1.558258	7.50025	2.583235	4.98275	12.339654	4.3688	4.722857	10.259667	2.224638	10.939343	9.921523	13.640235	8.664941	6.293851
6.976215	7.916875	9.183372	10.711998	10.631039	7.379983	5.234368	7.35123	12.305539	0.990649	6.283132	9.284697	0.839848	4.911058
12.160392	8.3335	9.657995	3.913	6.545187	0.891685	6.4601	1.473403	11.960199	2.057092	7.616173	7.407734	10.43335	11.090189
9.620017	8.750125	6.16374	4.502224	6.687883	8.766181	10.997048	10.5367	11.14942	2.017675	0.271885	12.234496	4.203733	4.098873
15.673535	9.16675	3.122517	8.782802	4.7131	2.352384	1.294258	4.643453	11.517417	5.806816	8.718128	2.273313	11.832663	10.102865
5.887981	9.583375	9.212942	2.727094	7.131923	1.119847	7.206263	1.080081	6.047611	10.485475	10.016232	8.046295	10.77524	10.679641
1.420155	10.0	12.708464	8.556207	1.179232	8.166534	9.042817	1.106279	13.096259	0.496952	9.12877	7.372143	4.743928	12.982261
13.361452	9.682462	0.001	7.20982	14.368891	6.248715	2.498416	17.001925	6.584331	5.327358	1.749228	3.711714	3.991769	8.262919
13.079664	0.712078	0.417625	11.48741	0.452912	13.896204	11.29788	5.13801	5.120762	8.417767	8.304354	5.221919	7.976458	8.476959
14.659661	9.372782	0.83425	5.90738	10.698329	0.38775	9.700453	5.886012	3.752557	4.0543	16.099321	4.73362	9.317164	4.59642
2.656713	3.638291	1.250875	10.999922	12.522563	9.280949	14.73425	4.810106	1.916482	13.790698	15.382231	0.932394	4.453007	3.631517
5.517037	13.349054	1.6675	4.16759	7.279308	6.364487	14.268216	8.034472	5.30819	9.8813	5.247573	0.867588	15.47135	2.576336
13.366599	16.098117	2.084125	3.091931	10.791438	4.400662	7.963364	5.218428	3.035097	15.584564	2.599628	1.886775	7.337566	6.541706
12.231067	8.046607	2.50075	3.849174	7.279686	0.942327	3.532629	2.649166	9.581522	11.930756	0.693834	10.71244	13.094427	12.955616
1.298282	20.293748	2.917375	0.455093	2.505771	13.381667	13.479786	0.740646	3.825925	0.671988	10.984792	14.97784	13.155185	1.311901
8.420296	6.28973	3.334	0.738737	13.557828	8.200832	10.477416	7.882392	3.055307	1.637689	13.720251	1.342257	11.300929	10.042337
9.748803	7.56425	3.750625	9.543788	4.212828	8.959305	0.171482	5.622889	13.064495	0.618402	8.105422	8.976218	12.488182	7.173313
9.422188	7.971426	4.16725	3.645257	4.227788	11.050035	11.844207	3.882255	6.738768	8.158783	13.426361	11.075464	2.109736	2.280482
2.60254	5.248009	4.583875	12.321668	12.038302	3.304788	9.583141	4.128618	8.552722	9.504713	10.190636	6.59717	4.425162	6.918657
9.216769	4.781952	5.0005	7.621173	10.642127	8.066475	6.603073	0.900597	5.440524	10.481745	10.129819	6.862416	7.688299	6.564531
17.622546	2.02381	5.417125	0.294157	3.592383	5.536164	11.845033	3.034114	17.97662	2.34265	0.877858	15.245958	4.659314	9.532269
2.327155	11.474984	5.83375	5.815339	7.775542	1.785593	12.360317	9.355154	12.087258	10.74091	8.24202	0.840805	0.251996	11.109177
0.390133	0.639564	6.250375	6.283748	12.129042	14.323387	14.519051	5.667824	7.815467	13.334166	1.923942	3.348936	7.388887	5.985477
13.116643	9.564969	6.667	13.011551	2.244313	1.637119	1.300035	0.303904	11.702429	0.833919	10.18811	9.595554	5.826209	14.008244
10.134113	5.157826	7.083625	6.296591	7.834544	1.56155	7.574554	11.695317	12.298989	3.41512	4.792911	9.326113	3.705082	9.123664
11.377557	11.156482	7.50025	4.732799	3.036248	8.083315	5.26419	3.935625	7.791805	5.474049	1.229118	11.634248	7.751706	11.032608
8.778114	0.286903	7.916875	4.895259	9.726867	9.530425	0.027904	11.467344	11.260573	3.168304	9.234351	9.508532	8.249738	5.94881
8.485237	7.524834	8.3335	5.53951	10.851174	9.190454	2.454271	8.498501	5.824662	6.404625	2.108941	11.732188	0.329183	12.722921
7.996273	4.154185	8.750125	8.304385	4.032773	10.81504	8.127692	11.35969	8.262977	1.288462	10.609652	7.569815	1.562908	7.166024
12.367175	6.473497	9.16675	9.74542	13.282241	9.621296	4.522947	0.909457	3.584875	6.035452	2.518448	2.132374	7.047718	12.59235
9.198699	8.496875	9.583375	9.23983	11.003028	10.14824	3.180783	9.235461	6.763928	2.972447	6.473306	7.741986	2.516709	3.445333
0.797165	14.454162	10.0	6.520326	4.236336	7.718622	8.946339	8.70631	1.430051	6.545841	7.780986	10.714254	5.360838	6.788769
6.086416	3.17032	9.822901	0.001	14.25605	4.343937	12.029587	11.309186	1.725007	0.602423	1.724615	10.659529	12.728882	11.540147
9.202032	6.901292	17.859368	0.417625	0.642025	8.965148	17.634864	11.52383	1.809502	3.56254	3.509261	2.460785	8.795924	6.715803
12.220212	12.417466	5.391793	0.83425	9.978765	5.816342	1.621302	4.782068	14.690461	1.219546	13.759885	4.054394	2.007814	11.205703
5.566028	5.726176	11.515705	1.250875	11.363928	8.918013	8.557787	4.192017	4.756513	2.291022	7.895901	12.181121	5.825752	9.959164
13.363068	4.839458	0.769571	1.6675	7.833133	9.757065	3.230462	12.293666	6.429172	2.887732	9.525657	6.922621	12.150681	8.330213
11.834848	11.591815	13.480941	2.084125	0.068598	5.935674	13.249159	4.317107	5.826741	1.988637	11.580787	0.618217	9.171318	8.252035
4.800361	7.360009	7.767893	2.50075	0.948414	7.068444	8.049573	6.727362	8.447643	8.471322	8.610185	9.214436	9.540741	10.492865
8.932711	2.314934	3.013956	2.917375	11.558283	8.505655	8.837629	10.278555	11.947914	12.008574	6.931394	3.997363	0.100884	8.654773
13.062714	13.679914	8.09842	3.334	8.868416	8.983317	7.990188	6.726915	6.374773	6.409558	0.289971	3.090828	4.75173	8.339256
7.882781	13.171389	12.158377	3.750625	12.639791	6.128825	0.589014	11.456293	0.140671	7.185028	3.434376	5.807685	13.483048	2.172097
6.834768	14.605636	3.137958	4.16725	3.592441	4.991857	6.209011	1.508408	13.929181	12.168056	6.975742	6.29766	1.079188	14.502843
4.26318	4.175577	2.363587	4.583875	7.559242	12.71565	4.237899	5.340929	7.047595	4.647848	16.919424	16.038542	9.5526	0.554052
5.473278	3.704147	7.599434	5.0005	7.688974	5.779275	12.387676	10.120339	6.836607	0.551095	3.172223	10.111252	7.157639	14.41756
9.210072	5.270222	10.194665	5.417125	4.755745	12.072417	8.545071	5.292853	2.082906	12.305861	11.348871	0.349127	10.813553	2.341511
12.020461	4.635832	11.833949	5.83375	4.205172	11.17935	5.284916	9.730654	0.466711	5.898577	7.72033	3.182132	10.6137	7.394465
9.751383	8.417838	0.394056	6.250375	16.062944	2.979227	16.334268	7.180906	0.459625	0.619303	14.140132	0.376783	14.672498	2.360661
2.187589	7.071387	12.454332	6.667	12.554473	2.711863	8.778787	12.42672	10.478725	1.273211	7.434947	3.671097	11.681575	0.608294
6.187711	5.334502	11.789257	7.083625	0.756265	0.962235	12.560632	10.442476	9.122668	12.655426	7.796837	0.973121	10.207326	4.127919
0.082403	4.904463	6.686044	7.50025	12.575588	4.489104	10.210833	11.772131	10.777397	14.120316	1.294022	2.006292	6.200073	7.381082
6.644624	7.940957	6.04643	7.916875	0.597836	4.575816	11.672834	12.896212	0.514035	8.619798	10.248826	12.730766	8.717785	0.877206
7.724239	5.664933	2.172824	8.3335	6.648921	9.647174	3.794256	8.328758	14.935443	11.300629	5.496107	0.263806	2.724448	12.964961
2.405232	0.971916	8.888656	8.750125	12.121088	4.956165	3.093722	8.934702	7.601588	8.978453	5.202853	11.99762	6.985305	9.112576
13.180048	3.9585	10.294305	9.16675	9.127053	11.062566	7.706483	4.937124	2.932772	5.018942	10.401905	3.142903	7.035222	2.035427
8.500983	0.767014	15.192066	9.583375	6.137815	5.408707	7.145026	6.636137	6.779076	4.860251	11.097303	2.945783	4.677717	10.268747
6.124521	13.143317	13.152564	10.0	9.274804	0.308585	0.552346	13.304772	7.3146	0.70859	9.750356	12.231781	3.162315	0.97145
2.096835	14.854256	7.343417	9.885352	0.001	5.902211	15.510809	5.181011	8.268365	5.276075	15.078026	3.385684	6.356233	0.860724
1.60456	16.26513	2.569404	8.350697	0.417625	8.384361	15.784457	2.830696	1.441075	8.715902	20.475762	0.081949	10.733503	2.34488
5.361827	4.984982	13.328614	13.716393	0.83425	10.772516	7.26562	5.403821	3.093628	5.640794	1.755746	2.162325	11.956138	13.723345
5.346963	4.868443	2.050078	13.543879	1.250875	9.338558	6.244422	6.89392	9.577264	13.571921	1.113163	12.117309	0.162199	13.921006
5.058419	7.278796	11.384388	8.814183	1.6675	1.319953	6.369123	4.728502	7.789321	11.516223	13.698622	6.684192	6.383313	7.307464
3.182902	9.044963	0.08024	11.439058	2.084125	11.774768	15.610663	0.718688	1.320006	5.168688	2.984258	12.854016	16.128331	7.609295
0.081822	2.676857	9.390506	1.649016	2.50075	6.894723	15.665522	16.579421	10.628546	2.407963	15.468897	0.943125	13.813206	1.299646
3.325972	14.392445	3.336773	9.684083	2.917375	0.791084	4.497847	11.509744	13.532922	5.226239	11.216476	3.495772	8.286107	7.787159
5.799441	1.115111	9.28112	8.038967	3.334	11.328694	10.664098	3.729153	11.692496	1.632417	11.225968	8.429396	8.618388	5.11075
8.46277	7.409021	11.724962	10.89716	3.750625	8.963649	6.555889	8.884166	1.256207	5.442993	9.985748	3.166965	11.373911	2.125934
9.097574	5.924728	6.717162	7.169327	4.16725	4.723597	10.90244	9.753194	10.579544	8.673777	0.981566	0.979939	11.216061	9.113842
10.095665	11.106508	6.340839	6.921368	4.583875	0.620969	5.68136	7.905348	9.406978	9.888165	8.053984	1.458953	6.2588	11.677189
8.80235	4.522663	5.763578	12.742649	5.0005	5.740806	8.57257	1.13176	1.756365	9.437144	10.245548	7.449876	14.227468	4.606723
4.744359	7.423176	9.607574	11.294185	5.417125	6.668996	9.12454	7.392422	1.061621	6.289246	6.050229	13.495799	7.949564	3.481164
6.835163	5.620278	4.521117	11.857633	5.83375	2.776927	0.258546	5.273738	2.365712	6.310606	9.481454	10.861627	12.953175	15.050274
3.818586	0.129165	3.070715	8.782136	6.250375	14.269973	10.873173	9.867578	9.775919	5.771765	2.749229	4.072307	8.345279	12.2238
9.550113	12.103234	11.914094	11.232168	6.667	4.381051	3.153373	2.828938	2.648801	3.837478	8.823666	8.252995	9.348397	5.258693
6.094623	12.990481	13.430579	5.12838	7.083625	10.035966	9.842012	4.970227	5.77148	0.816777	5.532487	4.963743	0.287813	13.051807
1.531493	4.958947	9.488993	7.282231	7.50025	4.565166	3.982967	2.169411	10.889485	15.902928	11.377358	6.686995	8.028821	5.634955
5.750497	3.628293	11.54673	7.401602	7.916875	6.918278	14.192993	1.939342	1.713123	13.094977	1.687683	8.130777	3.201586	12.877244
1.934521	10.24063	8.439805	6.734528	8.3335	10.381702	10.261669	9.847935	7.237724	3.415683	2.721635	3.490808	10.57319	6.386672
5.748702	13.717436	13.189405	11.629872	8.750125	6.030735	0.728294	8.631305	13.26179	0.876092	13.986222	0.326921	2.605638	0.517464
4.995516	9.007892	10.212434	3.649127	9.16675	6.9739	14.182089	3.557175	12.668239	5.547309	15.083703	0.556798	4.113382	0.285686
6.42004	1.944581	5.993875	9.645041	9.583375	0.974081	12.914915	11.689478	7.229989	10.610524	0.060185	6.222639	13.442739	3.268539
0.487571	7.303281	6.45372	11.442117	10.0	9.738395	8.565095	8.80581	9.294023	0.243441	11.198513	2.031284	8.124096	6.312654
7.790879	10.219081	9.739417	9.564518	11.487082	0.001	4.492849	0.445764	9.127023	4.516445	8.323667	11.860641	9.396209	3.035425
13.04585	11.917192	13.767961	5.95414	0.490799	0.417625	8.599498	11.913664	10.820448	9.717745	1.492182	1.952833	6.625708	3.284355
5.764001	3.866669	3.143414	11.763692	4.93654	0.83425	10.132752	6.659911	7.410766	1.527517	10.458926	11.980414	7.002417	14.518731
10.406554	10.465333	13.748931	9.387432	12.303612	1.250875	13.187628	4.403198	0.837813	4.669988	4.265553	4.642496	4.434303	5.996284
2.224415	4.996262	10.497537	1.509659	7.869289	1.6675	8.783609	10.268084	8.525268	10.675031	5.605576	0.771233	12.099456	14.50708
12.042715	0.108403	12.663285	4.295271	6.465491	2.084125	10.005744	5.224084	11.965221	11.998469	2.052243	6.6851	7.852018	6.557831
14.221822	11.657826	7.843157	12.599108	15.945108	2.50075	1.173439	1.780217	8.034599	9.542018	4.512021	1.257847	8.825696	0.106391
8.593291	2.097123	9.798169	10.682664	6.524926	2.917375	8.955727	9.356943	3.368703	3.533525	7.123577	10.682186	7.851701	8.51409
6.475746	0.68164	12.364822	15.17487	15.603516	3.334	0.228537	9.410534	11.435247	5.642339	11.143759	5.226889	1.123365	2.154734
2.886153	11.822349	4.155584	8.092098	8.06277	3.750625	7.501361	11.596844	1.003125	6.955275	0.410431	8.786128	12.653303	12.323954
2.736471	7.767534	10.57895	10.007631	0.656423	4.16725	8.568349	9.851916	9.1141	10.717557	6.667476	1.792429	8.38565	8.988265
0.172744	13.901857	1.136793	6.167951	1.750453	4.583875	8.74382	14.470096	0.653551	3.712635	15.084666	11.419131	11.90084	6.301587
9.058411	8.082086	7.36538	6.984677	2.993143	5.0005	8.861972	4.810526	5.704581	7.677507	12.987717	11.531396	0.531642	8.41046
8.974544	8.152305	6.534861	9.46611	4.619892	5.417125	8.828644	12.003933	11.594964	5.280315	8.750976	6.860181	0.522369	2.993782
13.071741	12.011718	9.007725	4.457399	10.68562	5.83375	5.91366	3.514371	4.070829	11.084321	2.263771	3.136791	5.881151	9.067154
2.159458	8.50411	9.325699	5.194373	11.609059	6.250375	13.548472	6.469958	5.298132	0.281843	6.390857	11.201946	4.71133	9.054388
6.52269	3.181625	11.526573	5.550516	11.561695	6.667	12.29145	9.71388	3.56423	10.346783	3.606602	9.366578	0.320316	5.780062
4.991921	6.930358	1.695538	2.982565	8.971777	7.083625	12.729982	6.244407	0.312125	9.635916	12.083889	8.233372	7.935628	10.168897
12.783227	10.965453	8.355285	6.13601	3.344962	7.50025	5.087646	1.810364	1.582671	1.162461	9.195072	7.740256	11.849819	12.486525
13.068011	12.62367	4.67621	5.156784	12.719895	7.916875	11.70162	2.80796	2.472364	11.606824	5.30878	0.848794	3.437087	5.655127
2.917498	3.872472	10.709978	8.502657	9.896116	8.3335	0.612598	9.919305	10.74795	8.19995	2.346625	7.89035	6.643205	9.407797
7.012592	4.009681	13.237272	15.227218	1.673132	8.750125	1.442557	12.659912	6.125351	7.335301	4.18869	9.137912	6.016926	3.183331
10.491048	5.700777	8.651367	3.45532	9.039232	9.16675	3.582609	10.480489	7.662643	10.270984	4.04243	5.164326	10.809428	1.482597
4.681084	15.32739	7.364446	1.687469	5.93223	9.583375	5.259098	13.657935	7.065383	4.548687	1.777946	6.308649	5.541074	11.265231
11.407595	9.286451	5.908291	3.898662	3.685642	10.0	11.952513	3.806795	3.121278	8.639663	3.852522	2.028132	3.346318	19.066137
8.662858	9.539896	6.602926	11.542291	8.638613	1.654681	0.001	13.884078	12.395166	8.347703	7.808864	7.223289	3.52489	0.173745
14.299572	1.265775	2.842897	10.010735	8.326713	6.567033	0.417625	3.527388	12.384763	3.809999	9.235932	1.844366	10.568121	14.899081
13.732728	4.251253	1.026969	4.809416	10.047101	7.752087	0.83425	1.898805	10.899805	8.25509	10.405021	7.065368	15.068823	3.953283
7.880917	1.704205	6.309433	1.866066	6.816921	12.376522	1.250875	6.359164	12.062111	9.532096	9.615554	12.244558	1.616763	10.364815
2.159797	4.499416	4.293874	3.835728	9.315	9.383743	1.6675	11.668265	11.88329	6.864711	0.659783	11.995826	9.850621	11.922446
5.16367	7.005349	11.327462	4.04118	6.302503	3.439211	2.084125	11.318317	10.995096	4.139096	10.804331	5.367144	11.495653	6.516863
5.77551	5.11014	2.019816	9.147972	12.463644	2.117708	2.50075	5.552614	12.666234	1.082547	7.190051	10.433625	10.710748	13.228641
3.571593	6.162734	7.939813	12.732935	0.899294	2.969684	2.917375	0.694265	8.296498	11.412163	12.66005	12.939524	11.212913	5.591159
0.407269	6.429888	6.470807	6.390124	11.188635	5.169787	3.334	9.251513	11.37853	6.921682	10.751722	13.625119	3.604568	5.076358
8.00505	4.998526	12.141642	7.370774	7.03715	4.449507	3.750625	11.956559	0.608108	2.709508	10.178132	11.780646	11.125726	3.888048
1.195589	11.695932	6.702673	12.247758	0.994904	8.045858	4.16725	10.332714	5.822646	8.57687	7.239167	8.201443	8.946697	5.8305
2.75496	7.359202	7.445402	12.937632	3.056627	13.534995	4.583875	6.673854	6.698062	10.8784	1.996797	11.729866	8.355817	1.994512
7.573101	3.332843	7.737795	10.426704	3.119982	8.87322	5.0005	3.86842	15.384589	13.518155	7.123938	1.443842	5.014882	7.582029
2.004001	4.342761	13.228636	14.513453	7.935488	13.670388	5.417125	5.966842	4.839801	2.164092	4.220918	7.872418	8.13916	5.684915
10.180928	2.383472	6.735843	6.698136	4.089667	0.075999	5.83375	14.824081	11.325265	5.058555	9.759577	8.229505	2.724552	12.08067
1.019402	15.344244	2.642064	6.937469	5.441786	11.240933	6.250375	4.727989	11.548913	5.663356	4.441352	14.622254	9.006094	1.113771
4.53413	12.212589	3.42632	9.381466	6.423493	0.525811	6.667	13.165565	4.252509	9.244955	8.999057	1.374747	8.792084	11.000274
9.054899	4.913333	4.707135	1.721136	12.513807	3.836583	7.083625	2.418128	9.551298	14.088252	4.291401	10.767127	13.19423	1.859046
7.364508	9.63626	8.792509	6.422371	1.809621	8.856032	7.50025	7.241542	1.115204	4.873638	11.248834	5.269545	8.182628	11.687057
2.584953	4.346177	4.575276	6.227863	13.464672	14.807155	7.916875	3.984142	8.931704	8.497563	11.332573	6.020707	2.916721	4.393619
10.682151	8.218802	4.954267	13.806135	3.547698	10.643735	8.3335	4.792735	13.542481	8.372951	3.708317	1.734305	0.283443	7.37948
3.29982	6.445544	13.464552	3.103998	12.364369	6.420738	8.750125	13.020974	1.268545	0.33207	10.851685	7.164338	0.295711	13.217533
7.325083	11.600549	2.278041	9.018923	16.409799	10.695569	9.16675	2.890313	2.386137	0.40538	9.879005	2.812654	0.012073	15.119723
9.279101	12.979259	0.973599	0.661714	9.70475	4.306945	9.583375	11.191551	3.610708	7.045675	1.625891	10.819752	8.11357	10.104111
8.862775	6.509982	5.395678	9.548708	6.18071	5.780011	10.0	3.122734	10.614547	9.309385	2.798809	5.70672	6.55838	9.61156
13.39839	3.367093	1.541946	12.226234	2.355906	2.009	10.425472	0.001	6.162596	7.934095	9.785376	10.436333	7.044555	13.312004
0.205516	10.3238	12.367634	6.942841	13.744767	13.401283	2.609107	0.417625	6.553454	5.207969	9.461036	2.003329	6.611525	10.150114
7.76283	9.598717	10.824447	10.236429	2.26376	8.067776	7.498636	0.83425	7.551432	6.337208	10.531533	4.799315	4.839343	8.854324
11.678443	6.265308	4.303478	1.90707	17.895465	18.950376	2.155288	1.250875	0.432886	10.658433	12.948855	2.084543	5.230372	4.238607
10.548076	13.279521	5.117249	5.561888	4.363701	7.927593	6.422244	1.6675	1.369962	15.022029	8.293108	6.849604	9.077815	4.499709
4.420455	0.29559	10.596572	4.327657	9.214495	11.43675	7.703089	2.084125	6.968164	12.777255	11.440383	0.747109	12.564866	5.42349
11.947555	3.844615	11.712294	14.435942	3.045141	0.264001	9.672064	2.50075	10.726986	0.58174	14.092957	3.691797	12.761161	0.722997
4.429045	6.770935	5.310299	12.447286	6.330717	8.499826	11.184294	2.917375	7.859767	11.773122	7.052324	4.653699	7.0852	3.686109
2.934521	7.097764	6.873752	8.246111	7.462543	10.782571	9.20451	3.334	6.429479	0.255837	10.310827	9.218968	9.24181	8.607303
5.571132	11.643104	6.505267	6.372922	10.094582	11.039683	6.586153	3.750625	1.276943	3.390151	6.863371	14.042192	12.117261	0.746612
7.483984	1.479569	4.877043	9.742175	8.901632	4.239242	10.94328	4.16725	2.370841	11.000762	4.153703	9.931695	10.838772	9.870052
6.176147	0.234353	9.352366	5.35517	6.371089	9.66085	12.866453	4.583875	1.438769	0.05292	1.256372	12.314904	13.839735	16.496996
7.562795	8.119053	6.776603	6.690673	8.268328	11.503679	11.773006	5.0005	0.073715	7.800984	13.278895	1.24444	2.094057	9.813273
1.853568	0.662211	8.292104	11.121455	12.280174	7.756733	9.379377	5.417125	10.146825	1.227589	2.134564	14.076358	3.908767	11.743151
11.005765	9.190103	4.644116	1.852546	10.565033	12.804867	14.20099	5.83375	5.823162	10.495732	2.05523	7.806139	3.291755	0.430813
11.180645	6.707795	13.631074	2.912894	1.176209	2.509261	13.671307	6.250375	12.865622	9.311928	2.34303	9.950211	0.877276	6.612372
7.472445	0.628194	14.819117	12.636153	4.230653	8.219417	6.194259	6.667	2.972145	7.452017	0.074295	6.045736	11.728692	10.859878
5.478451	14.699452	1.407796	9.749258	9.00365	8.202841	9.954892	7.083625	10.243256	2.223613	1.361352	12.199054	3.657716	4.735044
6.208906	6.200491	9.478576	3.989359	0.478405	11.276648	7.626034	7.50025	11.146851	8.80121	12.172206	2.601867	10.564573	1.954625
10.055239	9.827301	14.586263	6.645577	3.201403	0.634386	4.889516	7.916875	6.436693	6.148731	8.32463	6.374657	12.220057	2.738671
0.533863	2.661703	8.432319	11.307909	11.372834	2.953717	10.626027	8.3335	3.017177	8.855336	8.139958	10.161792	5.130838	8.473028
12.748982	11.921729	1.629603	1.372226	11.170778	1.414247	5.746482	8.750125	9.316749	1.355783	8.089029	0.589374	15.063238	10.831655
9.147121	9.771075	6.703647	8.683734	1.498099	6.255085	3.823588	9.16675	6.301394	9.538875	9.693543	7.046976	6.649603	5.720509
10.938747	0.187139	9.786615	12.055638	5.389847	11.548875	2.042635	9.583375	2.997682	6.757361	10.673369	0.476755	6.918379	10.643582
9.412611	8.165559	3.272661	10.652273	8.665644	7.731694	3.908312	10.0	9.007311	5.746205	1.149309	10.497308	9.881381	1.909733
11.063328	5.496245	5.124002	2.751354	5.359505	9.366542	4.762057	11.398903	0.001	5.362513	11.196639	11.358651	11.63415	5.125112
10.517297	9.338398	13.018743	1.966692	9.788761	6.956365	11.55148	9.028167	0.417625	9.442493	6.015089	2.053192	6.171061	3.734636
6.121276	0.111852	16.428757	2.812162	3.775991	3.221742	13.748768	11.625268	0.83425	15.133871	6.722658	6.658332	3.278832	9.526242
12.43345	19.162433	15.313815	1.819753	12.187325	0.170858	1.124225	0.193534	1.250875	12.217349	9.041503	3.168203	7.550579	4.366098
8.045898	4.459886	2.87373	10.811557	8.023007	10.47138	7.818534	4.463798	1.6675	8.628832	8.583185	7.568658	11.356332	5.227704
9.653773	11.338688	4.612033	7.026984	5.031256	13.88897	4.781406	3.704244	2.084125	14.514748	2.251953	13.293158	0.163749	7.654912
17.933905	3.207873	3.584994	16.53314	12.625664	4.150091	10.204097	4.608023	2.50075	1.258227	1.217801	1.699509	4.31775	16.158176
1.381966	9.565863	4.626066	12.436043	6.994046	10.700361	8.105471	5.476506	2.917375	0.63512	8.981651	1.23201	13.784068	13.163453
3.730681	12.814098	0.470284	11.4801	7.798238	3.931817	7.360445	5.363615	3.334	10.725544	10.292293	12.060485	2.799272	7.839128
6.790783	14.713942	4.67996	2.298202	12.544324	2.557123	2.287447	7.030187	3.750625	10.148553	1.039091	11.47805	15.824499	4.857214
11.363344	5.727809	9.03581	11.199362	1.868436	10.579953	3.877449	12.15787	4.16725	3.13581	10.589535	10.53982	1.961159	3.796394
8.160762	7.098316	8.319183	13.628083	7.376176	3.176039	0.088814	6.490034	4.583875	8.317503	11.389621	8.607638	6.087974	6.675981
8.04944	10.038159	0.913219	2.836465	5.722141	14.675335	2.563991	0.530101	5.0005	11.291903	10.363498	9.040942	16.241405	2.732901
8.972731	10.816021	9.133643	7.142828	5.61124	9.234215	9.75069	0.72716	5.417125	10.993409	7.816136	3.760913	1.111997	9.511893
11.908778	5.304548	9.19332	2.924771	6.741682	13.911836	0.971372	1.150249	5.83375	4.221912	8.514524	9.965549	2.745462	16.612248
10.803572	2.712529	8.896223	0.220334	3.896775	10.994271	14.241588	0.820648	6.250375	9.416895	14.414669	5.416023	9.738203	2.177893
2.498291	4.162489	9.652284	7.14376	2.082432	6.822327	2.732611	4.727875	6.667	12.405402	14.099003	11.770853	14.107584	1.12809
11.254493	3.087	4.954221	13.002602	0.228445	13.773469	7.603795	0.103293	7.083625	4.983591	11.435616	12.44051	2.149335	7.900004
7.569513	6.363136	11.404236	10.280658	9.182045	2.331414	8.036936	8.53088	7.50025	2.351638	1.868086	8.126285	11.416109	5.038814
4.902454	2.030435	11.660747	5.676963	4.108685	10.034503	2.604991	3.668946	7.916875	5.477651	11.031728	12.659458	9.878525	8.348041
2.438427	2.999132	6.832585	9.807789	7.025671	10.204298	5.531033	6.466496	8.3335	7.998899	9.243964	8.604253	5.067361	9.446591
4.208729	1.177416	10.491506	10.132638	8.46715	10.134054	3.390917	4.736223	8.750125	10.529449	3.349771	9.802505	8.255118	6.574399
9.256266	12.338501	9.022557	5.987357	2.952211	3.218608	1.239007	2.8911	9.16675	13.703971	12.229054	8.581646	1.349642	8.06333
5.857469	7.733835	7.638404	9.467703	10.943318	0.106997	11.618447	9.784707	9.583375	9.999324	3.353063	4.596418	6.893145	2.423793
6.248822	4.532026	8.211593	10.136951	6.52039	3.843567	8.213892	6.938655	10.0	6.041387	9.501496	8.237809	4.250769	7.322641
9.857274	4.879774	9.634888	8.43964	9.970104	2.59614	1.801124	15.343014	6.560433	0.001	10.114906	0.144167	14.638184	6.019352
14.094936	14.219934	7.649803	4.298723	7.735214	11.508827	0.11277	5.735005	8.534534	0.417625	0.373173	14.284545	3.284713	7.7502
10.952145	10.749967	6.730782	0.413227	12.393254	12.346171	5.6618	1.297959	11.861671	0.83425	0.847683	9.858817	7.053088	8.999187
7.921053	3.732782	9.004723	2.454036	2.198414	16.411459	3.370428	15.027264	13.252455	1.250875	15.97639	4.344239	1.616984	3.438896
9.095046	16.888337	19.428494	4.06184	3.385959	4.969713	2.548461	5.933497	1.761388	1.6675	19.282877	0.244841	8.449427	2.28262
4.054324	4.040666	14.753853	6.61742	12.699138	10.290759	0.666967	6.785777	13.429435	2.084125	10.575389	3.328307	2.531467	8.142372
15.023478	10.509866	1.65349	6.276096	0.453167	10.912055	14.391503	6.99828	13.922277	2.50075	2.931871	3.458675	8.806051	2.162441
1.791311	12.968198	2.879185	9.603727	10.496121	12.575541	7.086256	1.619021	13.405974	2.917375	13.993207	3.19787	2.690542	4.775671
4.05791	3.513577	1.646234	0.301421	14.752164	15.766007	16.149234	2.130592	9.437896	3.334	3.277889	6.593174	5.738643	13.301257
3.196555	9.867366	3.104676	1.572298	7.826143	3.011992	2.391117	16.576751	4.888748	3.750625	12.541709	5.867734	9.433952	15.970333
4.856635	11.058729	11.487603	12.494684	12.111071	6.148629	4.438709	9.570976	8.979083	4.16725	4.719652	6.42225	1.426924	2.117805
11.351481	0.035394	6.282413	2.84388	2.23991	11.016603	7.069897	14.656131	11.112414	4.583875	8.221068	0.079879	8.769498	11.737557
2.886534	10.603959	10.466251	7.712944	10.613772	4.150339	4.151224	5.540114	10.287119	5.0005	4.08367	10.05419	1.202625	13.246757
13.067413	2.722379	1.028742	1.375792	5.485785	0.458046	12.867516	6.863866	11.142826	5.417125	16.174434	1.714752	10.541558	11.139766
0.283546	10.797567	12.280481	4.986236	3.212588	14.015247	3.906307	2.261154	10.044603	5.83375	10.974299	1.579837	7.57864	12.245745
4.013295	13.747112	11.819334	2.402731	8.544778	6.360806	6.589357	12.4192	6.991453	6.250375	4.343714	1.685188	4.516429	10.316228
1.802231	3.94096	11.27018	1.290409	11.127157	13.349318	1.503796	11.127553	0.770627	6.667	4.022151	12.526789	11.6123	8.989532
11.484767	13.080316	10.696778	6.003409	10.4587	11.093497	10.719068	2.208006	0.600242	7.083625	4.530027	2.629933	2.179077	7.232555
8.171924	0.755123	11.151972	1.11896	13.693201	0.05443	13.28597	6.295243	10.245478	7.50025	5.557839	7.48128	13.117517	1.570812
0.487906	4.803504	9.134107	9.168919	6.008675	4.14369	7.493244	8.690828	10.591436	7.916875	8.019185	10.575817	7.281448	5.684366
7.276273	4.866844	5.041478	3.294992	15.768204	11.14775	6.664271	7.614102	1.137078	8.3335	12.950454	5.77831	1.50578	8.620964
12.180076	13.00532	1.49979	10.76906	9.622576	6.410455	0.491405	11.580026	11.218048	8.750125	1.255665	8.733672	2.507558	1.976222
5.588051	5.77631	3.961873	5.896515	19.183873	9.327243	1.762879	0.975067	11.638946	9.16675	9.127576	5.687017	1.661777	10.246122
8.895829	8.03243	0.472971	2.121636	11.69727	5.618116	3.007483	12.013949	12.321068	9.583375	5.963359	0.523719	9.190091	10.558703
13.170963	4.989052	9.466693	5.384196	5.294456	8.714564	1.536353	4.614053	8.510433	10.0	12.239086	0.121541	3.989343	11.969268
7.837392	9.093145	9.265485	1.369199	10.415905	8.593543	10.863343	0.80867	12.956217	5.317285	0.001	8.211387	12.980264	2.287167
8.627357	12.281798	9.272456	4.792852	12.293388	10.945882	3.273012	2.801272	4.681756	1.419877	0.417625	8.257306	7.35005	13.585369
5.312759	10.835905	12.735279	12.35944	4.543946	8.590343	1.92458	11.6681	2.770751	8.994379	0.83425	3.604402	3.174147	12.65172
2.971326	6.851363	10.884586	5.608551	8.539649	4.106618	2.423422	13.300213	13.569601	1.401794	1.250875	13.425511	12.651795	3.014694
14.125048	4.75874	4.434314	5.31994	10.142614	10.754626	4.472592	13.75968	12.834224	6.680053	1.6675	2.493372	2.113796	6.443502
3.418252	8.578849	10.611508	9.529619	6.715828	10.368257	6.952284	8.825988	1.113041	11.160405	2.084125	7.329012	8.328944	4.983885
4.574092	6.162626	10.631324	9.467603	4.239281	8.578418	10.228536	7.091232	11.170148	11.658173	2.50075	2.245643	11.213888	0.238287
5.77549	2.714952	8.01425	3.125628	5.903291	0.766272	14.474717	5.289278	6.337156	15.232501	2.917375	15.520993	10.981773	2.946324
0.066109	9.171298	9.623112	7.886137	10.087079	14.363548	10.239581	1.550685	2.476244	13.311064	3.334	4.010653	7.151499	6.728992
10.721825	0.973764	6.059595	8.945227	5.055954	3.409958	10.490518	14.250468	8.78284	11.721324	3.750625	5.244035	8.927498	1.666369
11.946984	2.344728	6.879894	5.836629	2.255966	6.781709	9.25196	10.438366	4.887515	7.875755	4.16725	6.200058	13.465146	7.66804
7.20254	6.9518	11.321702	3.17465	7.299194	2.251589	11.719941	10.117259	6.484426	7.58468	4.583875	9.533853	6.004852	5.769639
3.550301	10.600798	13.086363	7.781481	2.168353	5.531117	0.834453	11.230089	9.719925	6.195398	5.0005	5.52963	6.709647	12.061945
14.795846	2.415015	7.069191	6.091103	14.772101	11.718168	1.183927	1.27457	4.828395	0.786569	5.417125	13.565773	13.49042	2.591797
13.549688	7.241461	4.743082	4.154352	12.306475	4.818353	6.963319	10.329864	0.409045	1.582498	5.83375	9.307967	10.988603	7.771543
7.199942	2.484673	4.061209	6.139799	10.910056	4.377852	2.811716	11.704698	4.128702	7.160435	6.250375	12.085577	10.355851	10.329114
6.430566	8.490046	8.027135	8.100472	7.259826	6.797011	6.788567	8.247522	7.37282	9.030212	6.667	6.628512	4.021935	6.138377
14.52463	3.695084	12.980875	3.41302	4.034454	1.162787	12.79169	10.694378	1.956813	8.699536	7.083625	8.601813	3.163362	7.197932
14.808758	5.530323	16.111173	5.790562	2.137095	3.434169	6.81588	15.47146	2.100879	10.817629	7.50025	3.585645	2.707385	3.188791
1.043884	6.599166	13.218943	12.055924	7.459101	3.436211	0.59871	11.007876	13.227679	3.753782	7.916875	4.178721	4.309464	11.193664
0.370091	10.061255	3.497613	8.568939	8.177771	8.094577	5.048786	5.176717	5.634239	10.032617	8.3335	12.308861	4.395686	10.299347
3.661203	3.822709	11.265225	8.525754	5.449198	8.792602	6.915447	2.372518	5.754552	6.123725	8.750125	11.6761	8.214458	8.676384
2.088612	7.310376	9.114931	7.257539	3.911881	9.101577	7.420826	5.466584	9.795143	7.858322	9.16675	9.444218	7.003841	5.059399
4.962464	0.592955	9.723645	4.199567	7.43531	1.801653	12.294737	10.531372	2.444479	11.070861	9.583375	10.402668	3.509815	11.447099
6.028649	0.45687	7.56598	2.543693	8.745331	10.164152	4.328657	6.800809	10.842908	4.577291	10.0	7.19748	10.527978	10.220203
6.310679	10.07605	3.580585	4.428243	8.148176	11.676856	3.651535	8.758157	11.85893	10.765844	4.341858	0.001	7.266698	9.135388
6.499326	6.29846	4.381205	13.961038	12.328316	3.319251	5.459468	11.304324	7.575698	5.049988	7.400138	0.417625	4.145946	11.859217
9.968795	4.028121	13.235509	1.561643	4.614701	12.484822	8.885213	8.856532	1.862974	3.679642	9.310855	0.83425	11.448619	9.228324
8.044988	15.180939	5.79031	2.260798	3.003657	1.707187	2.7444	15.264491	15.585991	4.446415	2.611026	1.250875	12.78128	9.327642
16.09685	3.650273	8.580269	9.296216	0.824142	3.134217	4.553868	16.036532	6.420349	11.302581	15.490063	1.6675	1.232198	1.714942
9.694328	13.965061	1.012793	12.954945	6.882504	8.605075	9.866281	0.284318	4.575566	7.050555	14.235386	2.084125	6.199785	2.589279
9.668909	11.268675	5.90779	0.267727	3.724635	9.449194	8.893114	11.810389	7.538642	11.231647	9.174655	2.50075	5.134203	3.42967
9.134389	9.235158	5.993108	0.753505	2.842359	9.007541	11.051399	11.273686	6.754283	5.365202	5.332591	2.917375	9.541378	10.798027
5.158698	11.897391	0.09681	9.947726	7.121495	1.576387	1.089825	13.590781	6.584145	5.158266	12.092473	3.334	10.329527	12.022477
7.393751	7.511923	12.946201	2.123613	0.168986	12.459905	2.93635	9.338134	8.757863	1.495366	10.767555	3.750625	6.521774	13.827955
9.456807	10.125064	13.4521	7.649687	1.08052	11.489849	4.684085	6.872188	11.923717	3.791504	1.437685	4.16725	5.587885	8.28166
8.090904	8.986261	1.76792	5.331154	13.530095	1.746815	11.212622	6.22916	7.150968	10.712815	4.929064	4.583875	10.757736	4.97061
5.623906	10.128869	2.057043	5.355221	2.806714	13.115024	9.729438	7.946118	14.862622	5.761786	12.727205	5.0005	2.160907	2.724646
4.087644	9.847336	0.76157	7.266305	7.238092	9.455174	3.724262	13.8912	5.661023	15.233424	14.01509	5.417125	2.726503	0.675252
10.633591	8.667855	2.991256	9.690867	9.908882	10.749748	5.773665	6.191782	4.385182	0.064794	5.838514	5.83375	10.329517	8.940596
10.268017	11.312611	7.230742	1.828851	2.396377	10.315389	10.380687	8.263657	8.91035	3.219944	6.169274	6.250375	0.757813	12.695912
8.979101	2.582006	10.287474	1.268114	6.887986	8.522976	11.588805	5.858051	12.052675	5.480378	11.274408	6.667	4.74688	3.804144
7.80697	1.240916	12.928796	0.249542	13.727884	17.244585	4.058196	12.28625	4.78216	0.017492	9.99075	7.083625	0.386734	8.1961
3.047609	9.141578	9.108735	8.922031	0.986596	11.912181	6.880465	4.197419	9.950782	6.262894	10.316275	7.50025	5.757258	6.015927
11.50525	3.044304	1.398856	4.777938	8.96568	10.610268	3.693253	5.402343	6.182913	5.11508	11.188861	7.916875	13.037285	7.161095
10.544693	6.343049	2.904601	1.763006	2.186357	7.088546	11.444523	7.585113	5.324039	7.554171	11.549242	8.3335	10.955243	6.423916
10.767138	0.540781	5.240886	2.597556	3.168536	12.793222	6.083941	11.307316	7.938594	7.453702	1.800192	8.750125	12.400205	9.157806
12.987625	3.46229	1.69989	4.141392	9.792473	11.408194	2.878436	7.149065	13.24875	1.338831	10.618937	9.16675	8.023172	4.084195
15.598084	7.254618	0.788065	12.716497	6.572404	9.977236	1.834465	0.923234	1.437511	8.514852	15.063748	9.583375	5.413487	4.322423
6.92451	13.282331	4.180967	16.566282	15.606609	2.938424	2.263305	1.54637	3.238545	6.972241	6.475506	10.0	0.617984	9.386926
9.6224	8.024752	12.524444	3.743223	3.274468	8.129793	4.126374	3.71243	11.014496	12.20342	5.334825	9.194065	0.001	9.094308
5.014789	1.341279	17.91166	3.099983	4.955338	3.345682	5.800673	1.070616	7.602508	2.601902	21.943803	6.69602	0.417625	18.198123
9.617765	6.745913	4.655376	4.666492	12.819015	3.233874	7.090369	12.503222	8.154634	11.358126	5.097242	11.12074	0.83425	2.102981
10.333719	4.00921	6.686831	13.281294	6.454484	2.070067	4.972331	6.029257	3.172159	15.469388	7.533955	8.631141	1.250875	10.105289
11.5898	5.972778	0.491894	4.332996	10.187182	12.852761	10.891608	1.086752	12.918742	10.268304	3.818188	13.240236	1.6675	0.681261
8.087415	8.403265	6.242726	8.970013	10.340785	6.397859	3.647163	6.778974	5.671766	4.014019	6.792565	13.752663	2.084125	8.816662
2.9307	16.18653	12.368932	2.153878	7.006973	1.886066	11.025645	2.883737	9.055762	4.325958	9.073883	15.606489	2.50075	2.994697
1.243352	2.116061	4.737819	11.399318	9.843798	10.776276	4.425988	11.205406	9.434315	9.790184	9.33362	7.50076	2.917375	5.275729
13.427387	0.77112	3.079039	15.075457	8.450166	2.918082	9.748585	4.62263	14.024303	7.860188	9.721655	1.288385	3.334	5.679001
10.350146	5.146044	7.778322	0.1248	11.695811	2.55635	1.82468	10.971457	13.569053	8.46126	9.17739	11.987064	3.750625	2.606999
10.741608	2.3688	9.794335	8.269871	8.418928	10.520399	5.932349	11.181024	6.817305	5.680802	5.314297	9.146319	4.16725	1.646713
2.310719	9.922287	12.022284	9.276973	6.695739	10.959197	0.765809	12.746557	4.743473	5.867829	10.079981	4.829815	4.583875	5.195463
5.287818	15.738995	14.383242	4.230051	1.946205	3.696109	1.136625	7.80292	8.2977	11.622693	2.054325	10.308112	5.0005	8.494704
