Mixture	NaiveCD4_real	NaiveCD8_real	nB_real	NK_real	Mono_real	M0_real	M1_real	M2_real	iDC_real	mDC_real	PMN_real	cm8_real	em8_real	Eo_real	Tregs_real	em4_real	ed8_real	Mg_real	cm4_real	Er_real	mB	CD8TIL_real
Y-3674-cfDNA	2.605751765	2.188440747	2.441869867	3.292434669	5.037875682	4.821285093	3.85796141	2.619172101	4.592556455	3.931395516	19.91296959	2.904010667	2.622737473	5.171047856	2.321665303	3.384838844	3.077013235	9.138610954	2.52326507	7.049400158	1.76507467	4.740622876
Y-3685-cfDNA	2.482454658	2.915661411	2.458128046	3.453369014	4.593244398	5.364143081	4.313256403	3.199239851	4.784870016	3.750476424	14.96229507	2.787277614	2.877692819	5.514161188	3.032090797	3.057465769	3.401923515	10.92166002	2.510104451	8.597273383	1.987708673	3.035503397
Y-3688-cfDNA	2.95989996	2.95313194	2.667324061	3.089843791	4.106893568	6.180695283	5.321778491	3.31622827	4.561570572	4.031831859	7.836683189	3.425634962	4.143877157	5.062638684	3.59878311	5.077852741	3.196062269	12.41996254	3.58375673	9.161180952	2.256887913	1.047481962
Y-3694-cfDNA	2.681068213	2.572156788	2.781046851	3.716478043	6.969335219	6.588328862	4.645825201	3.638405667	5.237709214	4.54646271	10.28603804	3.118645462	3.240783624	5.261673562	2.744164338	3.42947182	3.266320518	10.4956209	3.143619843	7.303659996	2.052211252	2.280973883
Y-3703-cfDNA	2.986636139	2.244460511	2.330362002	3.256296809	4.214294054	5.368574265	4.3917785	3.575208666	3.964253028	4.17562471	10.9710252	3.427401335	3.87843277	4.993731068	3.102518174	4.221914053	3.507686055	10.96874701	3.314272865	10.17620337	2.092966474	2.837612949
Y-3706-cfDNA	2.866083814	1.907746636	2.687578922	2.759210366	5.595463161	4.871720376	4.604309365	3.149141829	5.045594559	4.020345836	11.7886006	3.894352026	3.829062656	4.793138817	3.395581547	3.963587678	3.576658146	11.41851339	3.22977222	8.203623601	2.042888094	2.357026354
Y-3707-cfDNA	3.306627516	2.181932992	2.680842588	3.48926816	4.583551544	4.538612201	4.594526606	3.169157404	4.463604472	4.65946852	16.21394188	2.454570104	2.859322353	4.301694577	2.715211393	2.368470673	2.791624327	13.17496815	2.656182093	9.061515318	1.860076479	1.874830643
Y-3711-cfDNA	3.313444422	3.607140008	2.505389599	3.644545655	4.178213987	4.462565338	3.774375362	3.082510508	3.766490117	3.487203108	10.09908216	4.707724361	5.277561721	4.715690623	4.072194971	5.297549831	4.549537769	8.962756572	4.590232666	6.225903627	2.143935192	3.535952407
Y-3715-cfDNA	2.406465907	2.755890438	2.471946962	3.189630135	4.81266154	4.713323612	4.393397826	3.243068155	4.602472189	3.867550628	15.69780457	3.000449474	2.753556426	5.554735936	2.965074395	3.071329672	2.696644916	9.772139228	3.139690226	8.351133771	1.945698491	4.595335499
Y-3720-cfDNA	3.312372051	3.123568375	2.726298081	2.847976729	4.431495205	4.50466736	3.963309046	2.814526376	3.814492215	3.574346027	10.82014725	4.839211172	4.624780151	4.101857807	4.284938877	5.355368438	3.758820371	10.34608698	4.674493468	6.992364781	2.434261035	2.654618208
Y-3735-cfDNA	2.430104514	2.007162037	2.47045598	3.190802265	4.523989067	5.551575091	4.879785984	3.083288532	5.037732285	3.135234462	11.9475678	2.75524482	2.351527414	4.863345251	2.659518728	2.851562198	2.736498742	14.60309348	2.546162665	11.75132116	2.11076355	2.513263979
Y-3737-cfDNA	2.318749596	2.243523716	2.444586355	2.503290843	4.78691286	4.959507919	4.163676667	2.907654088	4.730918686	3.14411939	21.39469493	3.032535324	3.138626443	5.460926761	2.847551654	3.463393291	2.522556191	9.182869505	3.065137601	6.871812684	1.75530786	3.061647634
Y-3814-cfDNA	2.395654949	2.10748673	2.172061303	2.696120948	5.798578734	5.298790916	4.463471206	3.283226345	4.80812642	4.469900532	13.13711608	2.78399479	3.470024444	5.402054401	3.157283663	3.549948104	3.503644837	10.2033148	2.971458368	8.475437884	1.886089509	3.966215041
Y-3824-cfDNA	2.655711729	2.522477981	2.466801183	3.22372834	4.344101037	4.663310984	4.602269519	3.001927675	4.270653333	3.25659752	8.772055714	3.343457817	3.383028451	5.256151644	3.141869087	3.432578448	3.311300102	14.4690128	3.097496148	11.66077821	1.804150454	3.320541819
Y-3879-cfDNA	2.326853047	2.548633944	2.685793824	3.569202286	4.399928521	5.125262216	4.440230009	3.26165369	4.559340115	3.982783756	14.69680129	3.20811144	2.657169833	5.091413481	2.765541384	3.254057795	2.872386098	11.61759502	2.718277278	9.4091838	1.854189754	2.955591416
Y-3880-cfDNA	2.346658486	2.47390586	3.027121014	3.36152995	4.72160092	5.143723357	3.55760117	2.998508278	4.846875207	4.823504463	15.23096281	3.305549062	3.785498637	4.680202059	3.893223442	3.711971273	3.262401798	10.50050888	3.456941832	7.893108637	2.155931115	0.822671757
Y-3893-cfDNA	3.240425079	2.493066546	2.724736356	3.239617738	5.052838201	4.736715385	4.539273855	3.61184184	5.165222197	3.1049771	9.825081936	3.766780691	3.664815507	5.729063973	3.325211266	4.496345115	3.276103436	10.26026095	4.308728264	8.105100774	2.10849171	3.225302081
Y-3918-cfDNA	3.586390749	2.963810117	3.069072366	2.88969802	4.720547836	5.51061673	4.884493652	3.866139408	4.684400084	4.170793543	12.37223312	3.589138197	3.505768433	5.82492194	3.486303855	4.932723268	3.573222235	7.636042052	4.668162189	4.818638924	2.281788352	2.965094935
Y-3920-cfDNA	3.076061886	2.659748103	3.201372755	3.346528211	6.152962049	5.239916303	3.966425567	3.198822965	3.187482652	3.836260125	13.39221273	2.691081932	3.729454328	5.340144765	2.991261276	3.959677692	3.667894247	10.9693217	3.65278838	8.24745443	1.663525335	1.829602564
Y-3925-cfDNA	3.409475203	2.97890928	2.591524608	3.521217339	6.044235733	4.91926132	4.587060706	3.149674242	4.694755162	4.830425289	11.6915591	3.796520919	3.669999676	6.951635361	4.187841028	3.984682539	3.158164182	7.857388441	2.897949644	6.104997326	2.039870662	2.932852235
Y-3938-cfDNA	3.969990982	3.670885011	3.230775888	2.61127381	4.190620887	4.432495215	4.42599573	4.181399281	3.781128123	3.591447953	7.361507229	5.782527856	5.68375908	4.669115555	4.61486093	6.255618566	4.161818664	6.541900297	5.538130957	5.295007111	3.083072909	2.926667969
Y-3941-cfDNA	2.262198395	2.26775474	2.566287249	2.9758966	6.45231401	5.537037661	4.578186938	3.574379478	4.974537902	3.976247366	15.25617776	3.425809231	3.490486267	6.026020409	3.323868636	3.839003559	3.271024537	8.060409631	3.466054464	5.873813092	1.881508467	2.920983609
tot-66-cfDNA	2.126824329	2.092579905	2.449774539	2.740325105	5.534709743	4.637539758	3.860733182	2.451810903	4.479583126	3.692019852	14.19538956	3.496862365	3.661084425	7.400352684	3.634911228	3.863551125	2.979729477	11.27351063	3.289118951	7.710410038	1.746014149	2.683164928
tot-67-cfDNA	2.430187124	1.884897022	2.239732773	2.767033632	4.79512814	3.654881185	3.642982441	2.224642745	4.439569083	3.612523552	9.551583683	3.833647712	3.910503397	7.287935808	3.97309245	4.650224281	3.118381703	15.05049876	3.525575359	10.14360044	1.645276111	1.618102597
tot-72-cfDNA	2.421818999	2.548950228	2.53901378	2.888117006	4.328793453	4.70372565	3.950602372	2.939349838	4.439172259	2.96341126	14.36949139	3.14856939	3.293633948	6.31978405	3.243267119	3.306930917	2.894519651	12.34637981	3.407975842	9.112515737	1.832399828	3.00157747
tot-PH1-cfDNA	2.549987417	2.484498583	2.905388342	3.303445448	3.95514152	4.878834008	4.125070681	3.228432696	4.562259	3.584573126	13.59676457	2.684332335	2.553157235	4.839818336	3.032165739	2.742579849	2.702573204	13.97477427	2.973858554	10.73869872	1.83729295	2.746353419
tot-PH16-cfDNA	2.468096023	2.454505047	2.690305589	3.559700399	3.333286204	4.101314743	4.09243521	3.010844316	4.550619883	3.087394001	8.643774008	3.094197517	2.92148999	4.878314629	3.016155198	2.859179909	2.977407177	16.73299713	3.058018867	13.48137454	1.695921451	3.292668166
tot-PH17-cfDNA	2.390081081	2.338065444	2.753973986	3.224561778	4.887699732	4.842368262	4.284611638	3.379662643	4.392058715	3.408261354	12.15272082	2.941429195	2.923764131	6.623293327	3.144878581	3.10242561	3.089298858	11.98182262	2.863154455	9.606533242	1.973790754	3.695543773
tot-PH4-cfDNA	2.700703841	2.522878668	2.848225415	3.376642392	5.062518791	5.376168896	4.536860835	3.662199862	4.637050357	3.756676202	13.36671863	2.846122771	2.978792769	4.804756524	2.902738379	2.989941673	2.958333192	11.58508721	2.97005143	9.213569902	1.981004093	2.922958169
tot-PH7-cfDNA	2.443008868	2.343596734	2.49042056	2.890000913	5.424733441	4.938337644	4.399965322	3.067892933	4.598338917	3.644191611	11.41858721	3.535827704	3.76562894	6.153016898	3.468568514	3.917331931	3.015303957	12.39547142	3.495801342	8.62734802	1.858621299	2.108005828
tot-YUCLUE_20-3998-cfDNA	2.493638709	2.464160235	2.490711707	3.141180907	4.396387713	4.806203601	4.119199791	3.26463473	4.716480479	3.101467846	14.09789297	3.494158367	3.516796713	5.160092395	3.159450851	3.705564061	3.496887901	11.67802619	3.197163432	8.85477754	2.03469556	2.610428301
tot-YUMARS_15-3443-cfDNA	2.494741348	2.525881459	2.529701248	3.624588131	5.59716804	5.382107786	4.511471149	3.157593091	4.364970231	3.758411675	11.02700796	3.537985785	3.896629975	5.901860392	3.16829874	3.837250929	3.462012607	11.05891585	3.186244456	8.419081016	1.977155657	2.580922471
tot-YUMICRO_20-4006-cfDNA	3.328264537	3.491511629	3.306904165	2.86850895	4.253648764	5.836781966	5.787147384	4.643044368	4.217909242	4.755691292	7.827300729	4.874472823	4.863512087	4.368258664	3.700243529	5.294548203	3.189113004	8.359426337	4.619816717	5.500468716	2.522093441	2.391333454
tot-YUMOTE_17-3755-cfDNA	2.728998928	2.936065496	2.912076372	2.629695745	5.241653912	5.774284095	5.465563121	3.550090881	3.929663498	3.576029311	9.897158239	4.24549785	4.199649597	4.783421752	3.468142258	4.59306237	2.964416759	10.22555337	3.977247614	7.891040389	2.374546244	2.636142196
tot-YUPRAF_19-3925-cfDNA	2.680527115	2.696935635	2.587731362	3.11208498	5.621401147	4.968412412	4.521434979	3.304701306	4.160581299	3.639602679	11.6394713	4.306875266	4.305219004	7.022925796	3.497841952	4.420184156	3.933807521	8.091074575	4.129331369	6.133583049	1.957386118	3.268886983
tot-YUREIL_17-3713-cfDNA	2.462410101	2.129188327	2.302920775	2.933242947	5.215317115	5.171831391	4.268422831	3.095968636	4.327877653	3.443325035	19.22040271	2.804366046	3.034195088	5.029815851	2.704503209	3.284045429	2.779026928	9.557256107	3.290084287	7.495341044	1.814516043	3.635942443
tot-YUSTRAW_20-4002-cfDNA	2.466554007	2.846380181	2.239252544	4.305220033	5.391214338	5.094964831	4.094616962	3.225626687	4.743456299	3.76284675	17.48291542	2.936341663	3.489457623	6.139766336	2.687158159	3.499900869	4.039777758	7.698678482	3.108000804	5.110042427	1.778449138	3.859378685
tot-YUTAUR_19-3926-cfDNA	2.771289095	2.776679893	2.974913571	2.818569751	4.35004569	4.832851787	3.825769248	3.115073124	4.671347574	3.914183433	15.80822363	4.293627781	3.877836314	4.277633223	3.254285433	4.265996714	3.094919451	9.838770145	3.538075296	6.606128053	2.379411806	2.71436899
tot-YUTHEA_20-4000-cfDNA	2.522323043	2.405377486	2.850539001	2.874305716	4.311861308	4.661644784	4.245958233	3.186905206	4.209391018	3.403146134	11.47239972	4.035855906	3.639168902	5.185384297	3.008729483	4.22877674	2.982752296	12.23216014	3.278495212	9.910491553	2.328491586	3.025842239
tot-YUVIRTUE_20-4029-cfDNA	2.521883968	2.517471328	2.438316158	3.247093063	4.815267505	4.805903404	4.430908693	3.22682329	4.314779704	3.360613341	8.560282355	3.626409016	3.602421752	5.575430067	3.3861528	3.700435282	3.115880753	13.72211058	3.669293128	10.24849102	1.864227602	3.249805193
y4-YUEVRY_19_3935-cfDNA	2.0495303	2.508539714	2.781683667	3.517543897	6.173429666	6.689168773	4.925119747	3.751910654	5.512031472	4.433226739	11.33165933	2.816979787	2.624230387	5.146592988	2.875259529	2.595805693	3.053837284	10.72177841	2.989855118	7.795608327	2.179084364	3.527124155
y4-YUMORF_17_3654-cfDNA	2.86155364	2.830766996	2.388615213	2.909099036	4.098852948	5.092427194	5.056739618	3.049719635	3.692446582	4.121726447	9.545526267	5.159384648	4.87114481	5.307313155	4.559066483	6.877918553	3.032317658	8.549579693	5.892696005	6.00592249	2.359692735	1.737490195
y4-YUPARK_18_3832-cfDNA	2.243086352	2.701362016	2.702625683	3.004788751	5.310128061	5.672387045	4.256606343	2.940908383	4.822215295	4.083231507	18.73169229	3.024929771	2.851050052	4.570800891	2.504398146	3.173417108	3.094856023	9.661964909	2.712175434	7.548095016	2.013166452	2.376114478
y4-YUPARK_18_3856-cfDNA	2.460903157	2.343253261	2.514444464	2.685434403	5.795945015	5.484936953	4.355313879	3.030965258	4.712904867	3.887603528	14.46121995	3.432084872	3.513700574	6.108317275	3.446721984	3.878950733	2.844327937	9.673895377	3.318841384	7.235622365	1.780677765	3.033935004
