CD4	CD8	nB	NK	Mn	mNeu	m8	DC	Eo	Tr	m4	Mg	Er	mB
5.350012	12.058649	4.224443	9.724853	1.352058	11.719114	11.375163	6.625264	9.228426	1.363577	0.001	12.833813	7.269536	6.874093
7.935256	9.540419	13.487145	3.0889	13.883218	2.911392	4.378264	4.519363	2.999784	4.714037	0.001	13.144579	9.534735	9.861909
0.752737	10.729517	4.157918	17.255318	3.48354	4.294538	1.943146	2.546927	4.908069	17.785192	0.001	12.542269	18.53364	1.066189
10.85143	11.384685	11.926997	10.782015	4.080164	12.989532	5.52785	2.914323	1.246295	13.08592	0.001	2.466963	11.661662	1.081165
6.562907	3.88972	6.361725	10.559998	3.625691	10.126943	11.5937	6.849069	7.300716	9.162086	0.001	9.06381	9.093788	5.808848
12.588148	11.810763	13.556095	1.879986	4.489281	5.793882	13.150119	3.389144	13.370092	5.18009	0.002154	6.298042	1.232698	7.259504
2.997199	7.006216	15.625461	2.488435	7.600714	16.247648	11.044144	14.964723	3.290296	0.184692	0.002154	0.08968	11.936392	6.522246
2.960603	9.568552	4.641992	12.116434	1.091994	9.427223	10.93579	6.451659	8.921077	10.006043	0.002154	1.835032	11.99225	10.049196
0.049972	14.693418	4.039898	4.018036	11.442419	7.045307	3.151314	14.783667	7.781118	6.679696	0.002154	13.790148	8.160087	4.362766
4.19844	4.020033	9.312204	2.139729	11.097211	3.150802	11.570567	4.851704	12.863222	8.645355	0.002154	3.406136	12.370954	12.371488
5.007454	7.667344	6.792474	8.141522	9.310836	7.263353	7.906926	11.056771	4.018892	8.645386	0.004642	10.855761	3.313606	10.015034
6.97775	4.304738	3.67049	9.159822	6.788769	15.042921	7.850333	3.814791	14.661177	4.791914	0.004642	9.168178	11.8794	1.885076
6.584204	2.926997	7.858102	4.618264	12.902533	11.976517	3.592155	10.062968	13.068171	7.867979	0.004642	6.523642	9.180678	2.833148
4.883158	11.604568	4.618763	4.722992	11.496709	10.075867	13.858777	8.957738	9.005153	3.393832	0.004642	4.289468	12.729923	0.358411
7.940459	3.128622	1.410198	1.873445	13.143229	10.846054	14.235245	2.741749	11.188364	14.211578	0.004642	15.681055	2.275596	1.319765
1.894558	15.000391	5.27873	8.60445	7.075588	6.572865	6.595521	1.087584	11.94632	7.346297	0.01	14.020772	2.842991	11.723933
8.907917	2.128251	9.69528	1.736898	13.334347	3.332872	3.446258	11.78627	6.452182	5.781642	0.01	12.319832	9.233801	11.834451
5.581232	5.806885	10.210753	7.874518	12.815328	15.388676	13.705133	11.902014	1.252752	12.78569	0.01	1.881368	0.176167	0.609483
6.1397	11.473672	4.135737	8.091251	8.260742	2.415513	13.863077	0.088521	13.371822	10.523752	0.01	7.45664	10.665906	3.503667
11.698982	2.731805	13.482916	0.53258	13.334239	0.440755	10.856599	9.488997	2.936935	12.779973	0.01	5.686199	11.783341	4.23668
14.228216	1.549033	14.195497	3.087079	7.524472	10.23777	5.809002	9.783973	3.904564	12.186386	0.021544	9.346601	6.33768	1.788184
6.587265	6.590626	7.441936	0.899391	10.852413	12.31065	11.659647	11.910914	9.064768	4.675861	0.021544	3.768182	10.846464	3.370339
10.929656	0.231528	6.43873	4.483945	5.260047	7.713383	0.76434	2.682603	10.635669	14.332308	0.021544	13.277563	12.15952	11.069165
10.398899	19.705904	10.431588	4.418608	2.921717	1.274535	19.360912	9.100135	5.633063	6.371974	0.021544	0.255067	1.711688	8.394366
0.916877	1.348959	8.349205	1.973163	9.017858	15.812524	13.558146	6.964145	12.08995	13.372304	0.021544	1.573033	7.431208	7.571083
0.496243	5.471292	0.482574	14.036282	1.365117	12.965365	15.204476	2.611777	12.682244	7.582311	0.046416	11.369293	7.793983	7.892629
1.326267	4.776685	0.07835	16.946882	10.671784	7.869671	1.933904	11.299873	5.921365	2.20087	0.046416	6.615183	10.638274	19.674476
1.14741	10.138072	6.446251	9.536024	8.497257	2.307749	11.804634	3.705984	11.010677	8.833778	0.046416	12.183103	5.384627	8.958018
12.205596	9.037989	1.424008	4.914524	13.313275	6.111823	8.451153	3.336458	7.824593	13.516564	0.046416	9.939991	6.034416	3.843195
4.351498	0.963076	8.203383	2.361598	10.52934	2.496971	14.81095	10.755528	3.692731	10.630135	0.046416	8.385898	21.013455	1.75902
12.341731	6.208097	12.440983	9.542028	9.49421	7.204627	1.891373	5.305182	2.53899	12.181428	0.1	5.825689	4.724385	10.201277
9.174607	2.966154	10.116714	10.576947	7.200099	3.348139	10.575116	12.362784	8.947648	10.687708	0.1	3.404045	0.751986	9.788052
11.284366	0.31164	2.165397	6.551385	6.361495	14.491059	13.503989	13.793619	4.030717	9.275352	0.1	0.681514	9.821761	7.627706
2.876619	11.567705	4.340457	6.58212	0.366142	11.004823	12.309983	7.836648	6.050155	4.834944	0.1	12.288025	9.64824	10.194138
11.672481	9.776718	1.724757	9.678273	12.903782	10.685301	8.959866	2.170219	5.092216	6.25404	0.1	10.129926	5.718572	5.133848
12.150536	11.029373	1.181137	8.510959	3.743592	12.23411	10.978983	13.064701	8.128286	1.636424	0.215443	2.395036	2.453419	12.278001
0.448833	3.946398	12.698889	9.074755	7.354544	10.582323	4.379186	4.424684	6.673518	11.733461	0.215443	7.07483	8.098911	13.294225
15.201185	7.4157	9.98383	1.705831	6.727212	3.200349	7.932967	9.91395	14.878823	3.673674	0.215443	1.949762	0.850913	16.350362
14.958764	3.088733	7.060436	2.77273	5.073747	4.13299	1.973762	13.09398	6.376199	8.046252	0.215443	6.381069	11.105545	15.720349
11.021661	1.61776	14.525661	14.25326	11.032885	11.095739	5.780706	7.759248	7.963139	1.820655	0.215443	2.182723	10.150068	0.581049
8.164298	7.545441	5.048729	6.63077	8.027946	8.340788	1.625859	15.791106	4.11046	10.350868	0.464159	4.416056	16.12129	3.362231
10.743749	10.238625	5.626444	5.472645	5.693006	4.76953	1.726883	14.332347	13.59277	13.672502	0.464159	1.49598	12.150911	0.020451
12.749997	9.738814	2.590676	13.936978	6.576812	7.84755	0.284259	14.946481	0.894337	12.944251	0.464159	3.35197	0.822883	12.850832
9.141414	3.304089	0.931594	13.991349	10.264575	11.169801	6.664987	9.235478	6.286755	2.748242	0.464159	5.921622	13.674773	6.201163
6.481875	13.547686	7.330148	4.646454	14.142894	0.470991	14.019255	7.67738	4.528486	1.763877	0.464159	2.725831	8.866762	13.334201
6.519318	8.897444	10.71029	11.901655	8.08653	5.305403	0.464011	12.471953	5.593051	16.6674	1.0	3.254991	5.266292	3.861661
11.287624	12.2412	11.332695	3.02246	13.900835	7.968564	8.649897	8.137742	4.360532	7.17712	1.0	3.827713	3.845519	3.2481
3.959468	11.808954	5.329477	11.050559	7.743966	6.728574	0.943493	13.706182	0.182841	4.328626	1.0	12.445195	11.732946	9.03972
15.453485	7.155235	5.722418	5.825232	4.31303	1.706658	7.174993	8.024083	11.166782	2.134095	1.0	15.779268	13.879899	0.664822
10.942226	10.977852	3.236462	1.863673	2.317923	2.132683	7.065331	10.593579	11.119256	7.682966	1.0	13.435874	5.421511	12.210664
