CD4	CD8	nB	NK	Mn	mNeu	m8	DC	Eo	Tr	m4	Mg	Er	mB
1.008122	7.369359	8.179525	0.359374	14.912452	16.214631	5.500002	16.258218	11.948473	3.584836	1.856482	5.029825	7.777699	0.001
9.587574	9.533391	5.55624	9.866023	7.334036	13.0728	12.132951	10.252634	4.981629	2.396111	7.195702	4.511589	3.57832	0.001
2.945733	11.988035	11.453584	12.531633	2.717243	14.623355	9.063377	6.021579	2.950316	6.915945	6.497191	10.948209	1.342799	0.001
11.496565	3.013191	8.793693	6.529152	13.029325	9.481581	1.545881	2.495169	0.107875	10.637955	11.514832	8.419193	12.934587	0.001
8.229076	10.791838	8.864163	10.607948	9.471425	7.955706	7.969185	4.716815	5.62656	4.669983	9.365617	1.695381	10.035303	0.001
10.857544	4.440029	7.381793	9.146663	10.845542	4.460742	1.618105	4.508369	9.25618	9.48345	5.959729	10.721281	11.318417	0.002154
4.567356	4.910603	9.997637	8.57854	11.083941	6.840685	13.161298	8.718377	2.58882	12.277427	7.268286	7.860213	2.144662	0.002154
9.118383	20.523246	13.224394	2.286533	10.093879	8.819321	2.906405	10.929649	9.00377	5.338982	6.286208	0.519791	0.947285	0.002154
9.579057	4.704863	9.063882	11.304181	10.751062	11.44102	4.06466	9.313151	10.147864	1.204792	6.539047	8.953729	2.930537	0.002154
7.782435	7.997565	6.639162	8.910183	7.001312	9.871594	11.007388	8.893126	3.196857	8.533534	7.766292	2.502301	9.896098	0.002154
11.786111	3.191427	2.666384	11.181069	3.278676	12.092776	9.236388	4.767008	14.616504	4.546506	7.817599	4.633638	10.181271	0.004642
13.058813	10.123553	4.887064	5.990712	2.090045	3.665543	9.973752	14.599124	8.996781	0.404315	6.632022	6.571207	13.002427	0.004642
10.813189	1.719122	5.039672	10.634997	10.576403	7.958699	8.631236	5.851115	9.660782	3.802705	11.192908	2.250519	11.864013	0.004642
0.996621	13.493469	8.959494	5.755136	9.835876	1.370223	6.066877	9.948126	10.619262	8.413597	15.987754	1.33783	7.211092	0.004642
5.796085	13.239785	2.404543	14.909248	5.676032	18.146779	2.024867	8.572227	15.792181	0.231489	9.610834	2.410978	1.180311	0.004642
12.163249	4.775473	1.716761	12.267966	6.541618	2.34837	9.782833	11.936678	9.857954	3.313559	7.670403	10.806035	6.809101	0.01
11.532877	1.414754	3.583185	3.693054	7.784692	12.320124	9.206023	12.680835	13.293168	2.301192	11.908645	9.552888	0.718563	0.01
0.985699	5.639111	9.983115	13.97134	9.399272	13.684282	0.990002	10.557603	9.711396	8.774303	5.719699	5.507305	5.066872	0.01
11.512199	3.40377	13.435217	6.482427	10.241396	3.427237	1.192322	1.59232	10.880025	6.570322	8.769251	12.461238	10.022276	0.01
1.847656	6.530242	1.903937	1.734826	12.991375	14.277659	0.153992	3.642822	15.013575	6.767108	14.873014	11.255722	8.998072	0.01
8.950583	5.001061	5.099263	9.615193	8.695337	0.586555	14.11088	12.826513	8.352982	3.984264	8.694338	2.540785	11.520703	0.021544
12.653252	15.49397	2.084773	9.747831	17.778484	12.396809	8.926001	1.656147	0.494885	1.525714	6.700479	10.109544	0.410568	0.021544
6.366532	10.550881	5.1069	8.548581	11.492838	6.932049	7.067217	4.825701	11.684979	6.689552	0.579262	12.976455	7.157508	0.021544
10.194968	12.222992	3.591096	8.975011	1.725346	1.704111	3.881982	11.521118	10.624697	3.239932	7.078991	13.089745	12.128465	0.021544
8.666924	9.602218	10.385091	5.407301	9.605929	10.523649	1.837308	4.300936	5.813612	8.829172	9.372518	9.554345	6.079452	0.021544
9.065568	5.534843	9.156127	2.159935	13.924136	5.248586	6.698715	5.973043	2.910517	13.445489	6.757908	12.059176	7.019542	0.046416
6.736078	8.660385	4.141587	8.777482	8.670018	9.96003	11.407362	4.891044	1.169862	2.235629	12.245324	13.090741	7.968042	0.046416
8.048307	9.140773	12.618171	4.307624	9.740083	0.981268	7.740421	3.858876	12.042679	10.35682	11.259582	3.631025	6.227955	0.046416
0.625107	8.194847	10.18744	8.056584	1.018145	12.554402	17.662623	13.134154	4.898149	3.523323	3.747217	1.973498	14.378095	0.046416
9.327864	10.492195	9.096083	10.106555	10.268134	4.431504	10.813168	3.948951	8.795308	9.500443	4.024724	8.949823	0.19883	0.046416
7.657116	2.69346	9.48151	15.588048	4.866414	0.938275	1.715974	5.85465	9.353095	10.720876	12.415431	4.401122	14.214028	0.1
13.395181	8.909667	7.839035	4.153923	6.709818	2.959568	3.188733	9.134824	11.820139	7.868594	9.696618	3.544088	10.679812	0.1
2.503538	10.779916	10.810995	7.433734	10.154276	11.747505	6.361352	7.96634	3.248681	8.629343	4.942295	4.080795	11.24123	0.1
15.33769	8.285357	13.775871	2.039121	6.231309	3.90772	5.257274	15.85936	12.0482	6.845456	7.022807	0.451233	2.838602	0.1
3.109325	10.278555	15.136263	5.488307	2.76422	9.890219	9.62548	0.122331	10.357693	12.279075	9.704403	5.449747	5.694381	0.1
10.917805	2.425272	6.074449	2.036199	13.449213	8.887404	10.644205	0.445992	1.177176	12.801132	15.21841	4.118448	11.588852	0.215443
10.144646	6.397114	12.626752	2.827144	4.069735	13.048008	5.254421	12.928934	1.071399	4.701893	9.670774	10.133454	6.910282	0.215443
0.497054	1.595136	12.544512	2.558205	5.905627	3.494881	9.404689	11.566989	11.196561	3.266269	12.003507	13.531744	12.219382	0.215443
11.843497	0.524696	6.674224	2.739522	0.292513	8.216624	10.771891	11.296848	12.130678	9.498457	5.356452	9.117036	11.322119	0.215443
8.701771	10.518615	13.412439	1.165907	13.602918	12.164361	1.261032	7.860839	6.772847	0.85653	9.545011	2.492644	11.429641	0.215443
8.068201	1.40941	7.325813	4.620549	4.761362	8.429409	1.57342	11.786677	15.993542	4.134254	12.30107	7.709409	11.422726	0.464159
5.927851	10.013864	10.587478	9.982686	11.498637	13.768978	8.448885	10.193527	2.62815	9.056471	5.831642	0.234789	1.362884	0.464159
17.252157	3.711102	5.869016	4.686133	8.478023	2.108807	1.305535	7.567914	17.605603	11.556917	9.461607	0.660144	9.272883	0.464159
13.783157	7.346855	3.954753	12.813133	9.945322	3.253285	4.30643	3.7047	9.988017	8.966245	5.936253	7.340786	8.196905	0.464159
14.501583	8.582207	14.998979	0.864584	3.244124	13.613289	9.28233	12.202103	0.98099	2.446959	2.547167	2.683512	13.588014	0.464159
5.158611	1.479922	2.508762	2.589291	13.992855	11.883285	3.445054	14.856933	8.26326	6.651802	0.473277	13.140185	14.556763	1.0
11.562137	9.66756	2.1691	7.834753	2.478012	13.925088	9.796679	20.528929	7.76601	3.032485	2.934765	6.260153	1.044329	1.0
11.334144	4.420146	10.112085	1.787653	4.404717	4.141897	11.760496	15.001041	3.043225	8.533039	8.456306	9.809057	6.196193	1.0
11.895672	2.619384	4.894827	10.147951	11.557347	7.024596	9.117653	8.032566	6.342331	9.181951	4.724208	5.459349	8.002164	1.0
4.49102	10.831589	1.723417	14.661195	12.674192	7.10472	12.29543	7.72119	0.188968	10.636002	4.819968	8.851194	3.001115	1.0
