CD4	CD8	nB	NK	PC	Mn	iDC	mDC	M1	M0	mNeu	M2	cB
0.001	9.139371	0.642417	4.404461	2.117334	14.425081	14.430939	14.901109	15.125507	4.659194	1.762874	5.638414	12.7523
0.001	0.376105	2.296887	13.39363	9.141741	17.554093	4.680433	14.626779	12.989855	8.323889	5.523527	2.435421	8.65664
0.001	4.709448	4.648304	1.732518	5.483276	14.330562	6.630691	12.653156	8.340475	6.928422	13.675941	2.134911	18.731295
0.001	0.762046	4.043635	2.232836	12.573655	15.381462	3.70602	10.923439	21.188269	11.608553	5.66439	2.989861	8.924834
0.001	9.475292	2.198824	2.515218	17.920674	4.005536	7.790625	10.237361	9.243503	8.486474	3.04495	18.232471	6.848073
0.002154	0.702321	5.928261	4.700911	19.487669	0.611795	1.451106	3.434821	19.027731	16.602348	15.370605	8.006328	4.673949
0.002154	0.74012	4.173397	6.802771	3.021517	15.6794	17.272126	1.458522	10.533617	13.796865	11.181658	2.100524	13.23733
0.002154	5.411535	4.906769	15.667331	7.066636	3.737828	17.506392	7.916458	2.893014	15.485074	9.642949	8.915014	0.848846
0.002154	10.811322	9.062177	9.417299	6.718841	12.85243	7.887319	1.685229	12.350568	12.208334	6.754423	3.04154	7.208365
0.002154	8.452127	3.842126	11.358545	11.730168	4.793015	12.859727	6.11775	1.828682	2.861172	4.442077	16.076995	15.635463
0.004642	1.99724	12.288741	14.293959	2.157818	14.117425	10.109709	6.823715	3.354527	5.588446	5.839163	12.620016	10.804601
0.004642	22.018079	2.062257	6.763078	3.597843	0.58057	12.292745	2.912933	10.339063	11.952444	17.50129	3.099229	6.875828
0.004642	10.024748	12.11199	19.246631	0.481975	1.794473	0.86152	16.788025	3.811479	6.969549	7.352514	7.496054	13.056402
0.004642	15.459347	1.244977	5.699703	5.010466	8.797276	5.134987	9.598038	14.788935	16.608024	10.028489	4.878745	2.746372
0.004642	2.715903	14.159768	16.044775	1.964661	6.032335	6.279848	0.876773	9.956206	5.963813	13.195655	11.754645	11.050976
0.01	2.475542	4.054194	1.464813	7.511784	6.353583	15.20457	17.795497	12.019853	9.1258	9.877103	0.945137	13.162124
0.01	6.710769	2.124178	3.178963	12.970627	10.019664	2.28884	9.984255	11.865632	9.190686	12.621857	14.926003	4.108527
0.01	13.312963	6.558857	1.408589	9.271679	14.027215	5.113457	11.065718	8.072631	13.136963	4.251287	12.940732	0.82991
0.01	7.346558	0.445741	11.176123	1.482799	7.336283	8.660842	12.209042	15.232792	3.422873	11.050901	8.626342	12.999703
0.01	16.98453	8.220913	0.381009	5.492338	10.233899	1.026366	16.390117	11.505937	0.114518	11.087308	2.880578	15.672487
0.021544	12.127912	13.156082	2.212903	1.083184	3.231418	9.820642	13.603892	9.799818	11.322523	2.307496	13.692003	7.620583
0.021544	13.450256	10.427901	4.706889	11.951992	12.262452	7.083288	1.595301	7.501324	13.635654	0.529475	14.54953	2.284393
0.021544	5.192349	2.003073	13.308262	9.368882	9.054005	11.47901	15.95307	1.13823	8.170266	13.353885	8.964712	1.992713
0.021544	11.696069	2.701125	0.241134	8.829095	12.877135	14.995841	15.675672	9.781595	0.596425	10.08928	2.981006	9.51408
0.021544	2.69242	9.240756	6.827364	17.086837	13.047881	2.471368	8.336168	4.533622	2.646623	18.123862	13.606527	1.365027
0.046416	7.247827	7.933698	10.795764	8.011068	10.253785	10.714003	6.945064	6.780886	2.298658	9.332467	9.087532	10.552834
0.046416	6.93528	8.558116	7.314729	7.642568	5.622822	9.032783	10.006334	5.245224	7.602779	11.785346	8.117751	12.089853
0.046416	11.291994	15.540972	1.985675	12.59117	13.818711	0.720744	12.472687	8.63758	0.350923	6.627491	14.985283	0.930354
0.046416	10.98011	3.251105	5.211715	12.448727	9.483787	8.323371	6.605113	3.474435	11.713958	9.376273	6.256623	12.828367
0.046416	9.436268	0.381239	19.912973	15.125771	7.998641	14.350798	2.253326	8.446627	5.543644	0.503393	5.20488	10.796025
0.1	1.140941	10.413019	14.241028	2.2886	1.345967	14.191836	15.644528	0.896297	12.895101	12.714814	5.273651	8.854217
0.1	12.343441	13.054705	6.563008	6.794931	1.285593	7.835114	9.600118	8.606554	7.257973	8.485099	9.452047	8.621415
0.1	14.680878	4.337571	3.977674	2.216833	8.443683	14.003681	2.803682	12.031553	14.999647	10.050046	7.873398	4.481353
0.1	7.18261	11.202725	6.09937	10.948488	5.911113	11.198662	5.10395	8.742634	6.145402	11.087365	8.284488	7.993193
0.1	13.573691	2.900554	6.26117	14.055149	1.223339	4.057698	14.21183	12.897752	12.562992	4.553087	3.234737	10.368
0.215443	3.16032	11.518483	4.698347	5.955272	1.998683	14.573308	8.978191	2.707298	9.900625	13.255959	12.841592	10.19648
0.215443	2.637707	12.001354	2.466887	10.606333	0.717939	2.879845	21.528936	1.608531	11.415126	26.57832	3.836566	3.507013
0.215443	12.16521	0.026959	1.429889	2.264478	9.195848	16.276123	0.023396	3.634541	11.879985	15.641916	13.354448	13.891764
0.215443	14.229798	12.989434	2.894566	13.449924	11.756212	10.509224	0.237975	5.967225	14.821637	0.61307	5.692389	6.623103
0.215443	4.158416	6.932736	2.890034	13.772687	1.84307	16.941101	13.235506	0.342047	16.005368	12.169143	3.142714	8.351733
0.464159	0.399557	11.299461	11.922477	12.896413	0.09019	5.404711	6.666349	8.072317	11.124399	9.913066	12.759644	8.987257
0.464159	13.737414	5.979979	9.525453	7.13249	14.869327	4.25865	0.925091	6.215848	7.33771	3.832803	13.200174	12.520902
0.464159	6.913745	6.098067	11.475574	13.392846	11.567531	3.472749	10.071945	1.104293	11.824288	2.378673	13.152736	8.083395
0.464159	2.94607	13.90469	11.673173	4.072029	13.094853	3.815811	12.070751	10.519295	9.995338	5.130338	10.363126	1.950367
0.464159	10.106079	17.537999	9.34622	0.390287	1.30708	0.086679	16.138162	10.109757	2.728989	18.654521	5.52844	7.601628
1.0	5.911074	9.676046	8.222645	14.229094	2.548389	7.130578	11.78104	13.746524	4.908654	10.500031	5.234673	5.111251
1.0	6.11707	13.735469	2.236434	10.80711	1.343035	13.847092	13.384822	3.569426	6.728445	9.101655	4.153274	13.976168
1.0	4.421446	8.862249	3.038687	6.4744	6.717848	1.284121	11.110567	17.70035	11.770149	12.805532	10.31707	4.497582
1.0	18.174443	11.634757	1.887169	5.169416	13.15836	15.924716	12.957887	3.228934	1.969775	0.529339	0.278418	14.086787
1.0	9.204791	1.153561	15.96695	1.238208	7.505532	4.580509	3.185428	15.41676	16.41677	4.171695	11.390556	8.769241
5.045831	0.001	17.815849	7.397129	9.41897	12.845654	0.072891	5.898358	4.849411	8.331223	5.329943	22.886019	0.107724
6.706083	0.001	5.59618	13.981853	9.850224	7.229908	12.953324	13.006592	7.873004	4.227318	8.986519	6.696868	2.891127
10.830732	0.001	3.15124	13.292693	0.421944	7.400849	7.32669	1.976222	4.77363	16.270954	14.21583	9.012587	11.325631
11.121889	0.001	11.961765	0.403249	7.153592	14.972352	12.805649	6.238821	4.345044	3.829393	15.589435	5.051587	6.526223
11.790335	0.001	12.61143	0.929574	2.877134	14.51827	7.272215	5.625364	14.788523	3.636344	16.732271	8.531771	0.685768
0.730248	0.002154	8.311804	1.2074	9.531058	10.402684	10.555585	15.206628	4.327339	9.944775	12.732	1.05533	15.992995
13.162019	0.002154	15.374754	0.887183	2.540413	17.355312	15.151217	8.193886	13.514934	7.840045	2.224641	3.116222	0.637219
1.303631	0.002154	12.394123	2.545727	20.521641	13.762312	7.950614	1.621944	8.638517	10.957347	0.015566	6.672378	13.614046
12.105969	0.002154	11.225031	1.473134	9.267205	17.430133	8.031532	9.71181	10.196713	1.244367	10.410124	7.571609	1.330218
7.42767	0.002154	7.41674	7.837138	13.931685	6.502557	0.620581	3.619285	14.393099	13.153137	14.132341	8.889276	2.074336
10.101913	0.004642	10.28946	4.94149	13.005615	6.692041	11.961181	0.495034	9.760535	9.105241	2.879865	10.956853	9.806132
1.771812	0.004642	7.623651	3.955922	17.76758	4.64315	5.916092	11.506239	4.754179	14.0604	9.003806	12.705501	6.287027
16.262309	0.004642	8.782506	2.918553	8.746042	17.05325	11.174351	8.69135	11.622613	3.493519	2.956874	5.426801	2.867191
8.750981	0.004642	12.433739	7.315775	2.130506	5.300716	2.943424	13.373978	13.570855	11.020375	8.215135	1.870797	13.069079
4.159929	0.004642	9.11579	13.022448	12.057789	10.482347	7.009306	5.156351	7.553577	10.777414	6.650372	6.805571	7.204464
4.396773	0.01	2.711609	2.373055	20.906291	0.569223	21.289245	1.199347	23.722125	1.604111	1.979379	16.371448	2.867395
8.799432	0.01	7.655796	6.046875	8.134761	1.529476	15.58631	12.134519	0.264301	12.606815	0.511607	15.746486	10.973622
1.472762	0.01	8.48769	7.21244	10.116261	0.44356	12.427132	2.021585	5.372791	14.910908	13.867717	11.853101	11.804053
6.695942	0.01	4.877221	9.427549	2.216545	17.737534	20.629464	0.402246	18.994216	1.308772	2.485877	15.011119	0.203515
9.23198	0.01	12.708178	14.442047	9.056207	10.798461	0.198513	0.0375	1.363262	7.715952	4.938179	14.433477	15.066244
12.023305	0.021544	12.59588	0.138747	0.874027	11.349588	12.573398	10.952461	9.12725	5.953377	1.599206	9.678911	13.112307
7.654258	0.021544	0.827686	11.490294	2.20995	13.468089	12.76083	3.096997	12.268385	9.15153	13.351935	6.956596	6.741905
9.497636	0.021544	21.624122	3.479068	7.817109	3.194608	6.478153	4.213339	13.441354	1.585762	12.981048	9.100352	6.565906
4.168714	0.021544	3.983688	12.893205	9.214403	6.402449	5.402798	9.760974	10.328489	3.365526	8.236643	12.894034	13.327532
10.029799	0.021544	3.733045	7.265627	2.538111	4.924202	1.682042	13.246008	6.831224	21.147202	2.036726	23.037845	3.506626
7.92184	0.046416	7.640212	11.384992	14.083575	13.788198	5.401453	0.994163	8.173168	3.525633	10.69544	5.493215	10.851695
2.046932	0.046416	4.39407	4.780874	3.427008	11.805312	13.553511	8.92728	8.880385	4.927012	10.542269	11.117346	15.551585
5.774041	0.046416	9.69377	9.851761	1.243004	5.417031	15.573102	8.701339	6.740211	12.863859	6.67421	3.462939	13.958317
2.76996	0.046416	7.086681	14.062654	6.357411	8.624202	0.756562	10.03719	10.042009	13.316305	6.890282	18.573229	1.437099
5.401075	0.046416	4.800175	4.574879	8.467595	18.550009	6.97241	18.480106	2.067683	3.008172	8.477169	9.986487	9.167825
1.930463	0.1	16.08499	16.513042	12.766269	11.179447	2.952975	14.356907	5.044163	1.235343	2.080716	4.481016	11.27467
9.223753	0.1	10.198518	10.21358	0.787348	8.595274	0.973272	9.452151	2.118955	11.961512	10.71418	12.22846	13.432996
9.63448	0.1	10.70329	9.745027	10.828282	5.080269	13.647309	5.136811	9.360281	13.619788	5.019047	5.80057	1.324846
18.423463	0.1	6.090016	7.524252	5.697966	9.402139	1.238913	16.78631	0.401569	3.18143	16.996605	12.584568	1.57277
13.877837	0.1	10.287605	3.02689	5.29519	14.686925	8.417147	0.384316	7.314243	12.594079	4.848824	5.855561	13.311384
13.337075	0.215443	4.592676	4.865731	3.025361	9.056271	2.606227	15.249655	19.900138	6.450094	6.555898	9.205716	4.939714
1.178269	0.215443	18.831878	7.77033	14.988017	8.618742	1.483394	5.744315	9.279105	9.897141	15.337834	4.157841	2.497691
14.139819	0.215443	16.04026	14.4792	11.969136	4.893237	3.129935	8.511805	8.811962	0.315502	2.184303	1.778645	13.530753
4.894415	0.215443	7.563234	14.860849	13.134889	7.161555	0.017461	14.208816	9.300754	7.22574	5.913134	2.733199	12.770508
7.25335	0.215443	0.540277	8.563051	1.756401	2.58244	13.608338	22.050977	5.916802	2.238543	4.354452	9.557136	21.362791
16.019628	0.464159	3.18196	16.082962	4.227719	4.493846	5.057867	5.446687	16.817865	3.142622	10.009656	5.592251	9.462777
0.194586	0.464159	3.583824	13.018211	4.794858	4.975078	9.250048	8.093536	6.907364	9.017198	13.374482	12.526771	13.799885
23.011495	0.464159	1.017536	20.243671	5.597007	4.643914	5.455817	2.252508	3.154846	17.4527	14.435861	0.979126	1.29136
9.203977	0.464159	8.910251	15.722495	2.181279	4.073539	13.289918	18.999855	0.584231	4.045849	10.819191	6.402168	5.303088
8.790083	0.464159	12.011903	13.686157	16.764737	13.966427	0.792149	0.036237	10.679986	7.148872	1.19015	2.475694	11.993446
3.782664	1.0	9.082685	4.891394	12.262051	7.191041	12.876453	5.050602	7.71442	1.945764	10.051811	12.538154	11.612959
8.7454	1.0	3.32477	6.988883	14.419943	1.394728	6.856988	6.306646	14.661133	12.468005	2.136002	18.620199	3.077303
14.554678	1.0	13.126791	7.478072	16.936089	11.998274	1.459822	6.05565	9.366564	8.895596	0.23281	7.968057	0.927597
11.978629	1.0	11.805833	0.985884	7.934979	6.332467	10.0936	12.357251	8.432973	7.758066	7.414753	9.201523	4.704042
12.497924	1.0	5.711316	6.706159	2.039268	16.328835	5.675416	5.633613	1.283113	7.898736	11.235802	7.210932	16.778885
8.016124	6.282599	0.001	15.498168	11.274513	14.493972	13.770193	1.507738	0.909019	2.207012	3.12427	10.523223	12.39217
8.333379	4.292599	0.001	12.713233	11.988004	11.338022	9.979995	4.876918	1.838971	0.960858	2.941854	16.822153	13.913012
2.911804	2.870807	0.001	10.163977	5.037937	16.181614	9.029295	4.144985	7.117769	10.271759	16.430143	3.201349	12.63756
7.874434	19.680326	0.001	12.428399	3.599912	16.134744	2.766374	11.156517	5.098184	11.646928	1.093791	4.65011	3.869281
7.384844	7.696377	0.001	6.695892	10.115781	6.296764	5.976569	12.667893	15.845793	15.239372	9.533236	1.767122	0.779357
7.003128	12.683463	0.002154	0.78356	11.880519	8.838274	5.222652	11.427082	8.170273	3.488773	9.844743	6.872027	13.783351
0.869831	5.620529	0.002154	1.617749	14.337822	8.988101	11.540141	11.989297	10.774656	19.11895	9.717223	2.007087	3.41646
18.989826	2.636109	0.002154	5.69181	3.328899	9.374483	13.289958	18.945965	5.804694	9.309676	1.705906	6.827554	4.092965
10.79927	5.19672	0.002154	8.166808	14.497195	2.742389	5.306293	8.85594	4.601306	13.283856	3.096684	14.044324	9.407063
14.679805	10.134874	0.002154	5.309533	14.493604	15.152898	6.588754	3.236406	6.093374	4.879232	1.392971	14.813795	3.2226
3.693322	12.231609	0.004642	5.34206	22.001738	6.967221	12.158355	0.000794	2.41515	13.409596	1.173248	15.720595	4.88167
14.592063	17.59526	0.004642	8.286092	0.953337	2.837699	1.98729	10.159177	6.98594	3.00018	18.922846	8.779109	5.896367
12.93785	6.048579	0.004642	5.868971	14.075672	15.772751	1.734924	10.043888	0.610134	6.846064	6.525573	12.108535	7.422417
6.265073	5.315445	0.004642	3.428704	2.672763	9.362221	8.33339	10.732225	7.324284	12.837981	10.335315	10.414934	12.973024
5.445609	17.997569	0.004642	17.906482	12.170614	10.368725	3.203562	3.474947	18.456554	1.666379	5.877338	1.465533	1.962047
10.549779	8.73557	0.01	4.975006	8.910849	2.78077	2.29536	14.196645	5.588682	12.290208	5.088878	16.8383	7.739953
9.244925	13.650904	0.01	0.409171	5.417976	14.070692	5.092874	7.213955	10.986396	14.124443	5.882289	4.474015	9.42236
10.805222	15.433787	0.01	5.65319	15.463571	10.539494	7.172846	0.148686	6.997424	10.823191	1.820261	13.961062	1.171266
2.558147	12.661357	0.01	6.142022	2.244115	4.331611	3.401752	14.966209	6.829429	12.893149	15.56744	4.064558	14.330211
6.152909	11.883982	0.01	13.53828	13.531632	2.500719	5.72513	1.550657	11.590154	8.215003	4.537296	14.223306	6.540931
5.276314	15.982297	0.021544	14.540567	6.62588	5.123021	12.629705	5.893377	7.531858	2.416854	13.424051	1.298839	9.235693
9.808082	8.550785	0.021544	11.313015	7.009566	4.47819	7.490045	12.926587	10.463602	7.126396	11.306669	0.836899	8.668619
10.18642	13.190544	0.021544	1.74878	11.431201	13.492368	8.604979	12.667942	0.298724	1.780094	11.892265	11.025633	3.659505
8.03272	12.839314	0.021544	13.14693	7.822271	10.892963	8.045213	1.335415	3.347153	7.226938	9.963991	13.0322	4.293347
14.267764	5.603479	0.021544	9.13477	4.252488	12.562372	11.316406	9.369342	7.466607	6.245113	10.052335	8.738889	0.968891
4.87636	5.77361	0.046416	1.033142	15.396854	4.592061	13.196891	13.634972	13.142878	10.465195	2.169717	6.943669	8.728235
7.543097	10.819073	0.046416	6.685724	12.994745	8.506247	12.231498	3.559681	14.711637	0.659523	7.235996	14.110144	0.89622
8.053649	1.951545	0.046416	1.123871	11.1546	4.287449	8.330132	11.899977	12.717695	14.462536	0.436421	5.760139	19.77557
4.986931	10.196167	0.046416	12.996131	4.520588	14.047608	12.415827	11.87914	12.054783	0.867881	9.760119	5.03908	1.18933
0.769574	17.819852	0.046416	6.042455	3.658537	1.370096	16.96384	12.785693	3.714697	0.967937	10.243259	7.413462	18.204183
12.651163	6.270628	0.1	12.80116	16.036408	0.792406	5.775424	4.576769	10.911002	8.804415	2.584809	1.108422	17.587394
15.542239	7.873986	0.1	9.041739	2.466159	10.308392	2.614931	0.439411	10.053299	13.955234	1.635905	20.221176	5.747528
8.917931	2.848249	0.1	12.436626	2.049477	7.792775	8.742564	10.132296	11.339074	8.66441	2.061709	12.369706	12.545184
10.353336	9.276024	0.1	8.535796	12.301565	6.034895	12.092049	10.496314	1.549735	8.596857	6.378737	4.019033	10.265658
5.689849	1.1153	0.1	9.355663	0.349418	13.484543	7.53685	8.576003	12.621081	7.371686	13.846125	11.244496	8.708986
10.309052	14.344732	0.215443	12.097173	5.017965	7.29396	6.783733	15.795235	1.391976	1.197976	16.97658	3.026933	5.549241
9.146177	9.120574	0.215443	4.223943	6.006646	11.475094	5.437435	0.139334	6.25462	11.171035	20.982103	9.268018	6.559577
2.898402	2.6979	0.215443	12.883203	13.628523	5.258239	4.542083	2.515843	16.360753	11.091652	0.202889	20.677686	7.027383
5.787817	13.806318	0.215443	10.217616	1.571936	4.393944	15.598017	7.786939	10.667321	4.498092	11.878719	6.517023	7.060816
7.114718	14.711552	0.215443	15.816317	1.60874	13.43547	5.307756	5.397344	15.424555	4.167206	9.963072	1.334249	5.503577
10.154968	10.295593	0.464159	15.077109	15.840326	3.312312	1.047181	4.812653	13.533538	11.495895	9.871793	0.709104	3.385369
5.295644	0.702103	0.464159	7.411481	0.74039	12.733215	9.395219	14.623273	7.756904	12.224987	11.084782	8.408948	9.158895
3.967917	11.389703	0.464159	9.87815	3.96121	3.545517	3.177375	11.47232	9.699387	12.581691	10.409533	10.761613	8.691425
0.52167	18.890537	0.464159	7.633226	19.929251	1.672403	2.750298	11.323366	6.0582	14.453912	2.873383	6.270435	7.159161
14.721349	7.176546	0.464159	4.417783	15.496199	6.19094	1.129225	7.587796	15.816218	0.997194	3.351955	14.690034	7.9606
1.100872	5.322246	1.0	0.676521	10.858947	17.748955	7.501481	7.492288	13.8781	11.407958	0.729726	12.656844	9.626062
16.10732	2.385533	1.0	0.510212	14.437905	3.375811	1.021732	12.204283	8.968231	9.167336	4.990007	12.844264	12.987366
6.956401	17.672374	1.0	4.842833	15.056701	5.771831	16.236221	8.411666	5.226355	1.659444	5.85597	6.955113	4.355091
12.241643	11.647628	1.0	10.413181	5.33289	9.002614	5.46329	9.985683	9.658167	10.01131	5.530726	0.4591	9.253767
5.636041	3.436588	1.0	14.661837	3.895169	7.278314	1.263862	23.792116	13.011281	1.870537	14.299453	6.632326	3.222476
11.207646	14.909075	7.44552	0.001	17.079239	0.199746	3.482751	2.320041	7.614371	16.172265	4.013279	7.420847	8.13422
11.821408	9.544316	11.303432	0.001	5.623551	9.46104	3.634887	12.022801	8.31819	8.005463	8.085786	11.014365	1.163761
0.128186	3.609527	11.725664	0.001	9.35201	9.768506	3.821872	2.548088	15.613574	11.462274	7.543384	12.771886	11.654029
17.536083	2.277866	13.315348	0.001	9.636856	8.257374	13.668874	2.728068	19.817483	6.388841	2.707546	1.202195	2.462465
5.787849	3.285305	8.3158	0.001	3.829901	15.081097	12.515754	10.4191	3.477747	9.758599	12.405861	2.260397	12.861588
8.910986	10.035138	3.210332	0.002154	4.51478	7.341873	9.909991	11.013546	7.927346	10.827275	9.042915	7.295805	9.967856
10.862769	5.528202	7.692883	0.002154	0.446369	0.6089	7.503984	17.554532	9.263947	3.198364	4.529074	9.539754	23.269067
8.707462	11.946524	4.452343	0.002154	9.059104	9.806707	13.315859	8.610699	7.401694	2.897058	6.789923	12.795296	4.215176
16.000018	5.968989	4.589898	0.002154	8.385782	2.158907	1.916152	11.844478	14.633227	8.578655	5.850051	8.438588	11.633101
7.676264	7.221869	1.37253	0.002154	12.298975	7.684983	15.244558	2.721224	7.286876	14.200826	11.07777	3.661172	9.550801
8.625686	8.522022	3.419194	0.004642	8.893065	11.292929	7.505288	8.751671	10.940739	9.043043	9.836106	6.505017	6.660598
14.7965	2.615236	15.499311	0.004642	8.983559	15.721017	9.016264	1.848053	6.233085	2.384068	3.688179	14.280096	4.92999
11.665333	9.378383	7.728404	0.004642	4.66553	10.011969	12.309126	1.604234	10.27742	7.207099	6.863732	5.461223	12.822906
1.385228	13.00398	15.042979	0.004642	18.105492	0.531497	5.647216	5.793808	4.013002	12.158433	8.147515	6.401397	9.764812
8.513645	13.194572	5.965322	0.004642	6.987542	3.931688	4.591217	12.899962	8.625385	9.001987	2.713216	12.830653	10.740171
3.304591	8.521011	0.586993	0.01	12.239561	8.167537	9.437618	2.161748	12.765085	5.624577	13.429864	13.246178	10.505236
11.930016	8.513971	5.919096	0.01	11.845207	5.452285	5.956579	9.14178	7.520347	5.878731	1.691145	13.372528	12.768314
16.584182	19.917216	5.472919	0.01	9.441628	8.533007	0.04017	15.762678	6.506106	2.501137	13.930344	0.974331	0.326281
4.436365	9.782345	2.145646	0.01	12.088079	12.604613	2.20163	12.948925	12.388726	10.529539	6.635845	9.712373	4.515914
13.84849	3.251056	4.331419	0.01	2.018582	11.876954	13.565402	11.08476	9.581666	11.802115	13.301067	4.201888	1.126601
4.353377	8.862919	10.428483	0.021544	9.485684	6.956027	5.265137	10.041891	5.65677	11.593006	12.692211	5.991187	8.651764
7.300885	4.069788	11.855488	0.021544	8.27612	11.237038	17.433939	5.541296	1.550917	17.085736	4.931945	0.662663	10.032639
13.038452	6.232217	6.073554	0.021544	2.423765	11.950361	13.862105	1.74189	11.17673	6.805587	8.013994	12.982606	5.677193
11.047326	4.090751	1.34147	0.021544	11.059301	2.395017	0.182461	12.673689	12.921187	14.503846	6.468915	13.678553	9.61594
11.900883	5.822756	8.095546	0.021544	9.084206	6.872941	6.434132	10.974995	14.638794	10.027328	5.263239	4.135989	6.727647
0.120776	0.907023	14.077983	0.046416	6.593131	12.586866	14.519183	12.998954	5.115961	1.456577	15.356442	3.227674	12.993014
11.444894	6.844351	3.886166	0.046416	9.31297	6.273164	6.692902	12.684472	6.645599	10.192103	8.499288	9.098786	8.378889
10.393389	3.88037	5.273505	0.046416	15.05499	7.799082	16.264402	2.365399	4.976905	6.5796	7.321019	8.886256	11.158667
12.60677	12.4926	8.248764	0.046416	2.682478	11.987167	1.462129	12.354239	2.016056	7.806035	13.02223	3.991684	11.283432
6.110661	10.712084	9.856676	0.046416	12.615747	11.589714	2.754817	14.402691	3.534653	1.921487	5.236004	11.687344	9.531706
3.524624	6.328001	6.023369	0.1	12.162895	11.387501	4.578406	0.294554	8.75666	12.80025	12.907514	8.917902	12.218324
5.773264	4.791476	5.890002	0.1	7.671761	12.224609	7.981431	1.758749	12.210329	6.48888	9.68035	12.41408	13.01507
16.335948	17.130729	1.605833	0.1	1.999898	3.29961	7.476134	2.891777	13.274563	8.913637	10.236283	12.112001	4.623587
1.306566	7.833183	15.209018	0.1	7.162658	6.331608	11.886733	3.215786	8.278714	12.696749	7.71293	13.876379	4.389676
7.39788	10.654229	13.96229	0.1	14.760281	5.809134	16.255397	6.221444	12.415174	0.09158	4.463527	3.823878	4.045186
2.583299	8.292017	2.993846	0.215443	5.897938	2.56955	11.371651	12.205717	9.822628	9.765753	8.966131	12.350062	12.965965
3.397722	12.703563	8.710608	0.215443	11.818322	12.7594	11.453119	11.430073	3.350575	2.600307	9.917464	7.923929	3.719474
5.836507	5.273519	8.316857	0.215443	1.792486	8.091354	9.595953	13.092169	13.210727	12.511966	13.952942	5.450871	2.659204
3.041752	13.269665	8.339312	0.215443	2.140897	1.674972	10.073399	16.258421	12.641938	9.070151	9.911737	4.693398	8.668914
17.45559	14.11508	12.667228	0.215443	0.424032	0.960616	3.11875	8.716313	1.507659	17.561556	9.152724	14.089324	0.015686
10.113627	3.45279	8.016537	0.464159	3.274126	7.338748	10.224209	10.925978	11.181946	6.401659	7.530621	8.202611	12.872991
4.560625	4.921911	7.059724	0.464159	10.884335	15.628874	7.187329	4.577765	5.483827	12.800213	6.88276	5.636702	13.911775
5.879749	10.112335	9.038637	0.464159	8.860519	12.741948	4.720673	13.022745	7.509361	4.48301	13.012408	8.661784	1.492673
9.763685	1.801042	12.936618	0.464159	8.352648	12.268729	6.445054	2.553596	13.537685	1.546115	13.765608	8.115969	8.449093
4.618965	1.601217	6.572903	0.464159	6.354956	13.936809	9.970501	14.108142	9.50811	14.518304	0.719562	10.411771	7.214601
11.21683	12.260261	10.132344	1.0	5.707445	10.038498	10.590495	3.395362	1.856142	10.333713	13.139775	7.601624	2.72751
2.043668	12.40753	4.839427	1.0	7.728645	4.192131	12.024729	6.656902	7.731313	9.69894	12.255556	6.355685	13.065473
10.402355	5.319365	9.656856	1.0	15.53712	7.189866	6.578805	8.946323	12.035917	6.718286	2.250342	14.159755	0.20501
14.697193	1.123927	5.768664	1.0	0.300261	7.688546	8.778384	11.129654	13.562151	5.698436	14.579477	9.574869	6.09844
8.106639	11.200738	2.924834	1.0	9.064568	10.716809	10.78648	3.201539	7.414203	10.90926	11.770065	2.103173	10.801691
17.545836	17.461512	15.960548	15.065063	0.001	3.712391	4.470368	4.305258	6.086928	4.895274	2.101718	6.765917	1.628187
12.922009	11.703195	5.754942	0.926606	0.001	3.315127	14.563647	0.470676	2.758679	7.854869	10.365038	15.209529	14.154682
11.859732	1.619286	11.368127	17.647053	0.001	4.053805	3.92375	9.979077	10.759772	0.205856	10.935594	8.276684	9.370262
5.04896	10.442328	6.108854	1.285515	0.001	12.605035	16.178334	9.065441	12.313398	11.931524	1.164264	2.661216	11.194131
13.859056	3.966047	1.115086	18.95872	0.001	13.616093	2.065535	0.657598	4.800757	4.516678	13.983745	12.582573	9.877112
3.182267	3.863108	8.118559	4.313246	0.002154	10.691772	21.752513	9.673279	0.608344	12.958244	3.083545	8.705954	13.047014
3.724449	11.762559	8.509193	10.543239	0.002154	9.599064	16.873078	7.406418	1.57429	6.459943	2.959368	12.03268	8.553563
5.945911	14.327409	15.584626	13.148866	0.002154	6.888663	0.322938	13.067788	3.566358	1.85129	9.613898	5.729002	9.951097
9.183426	10.624182	2.613656	8.286863	0.002154	11.296999	12.454371	1.567433	6.078225	8.455853	13.19697	3.081299	13.158568
2.625035	13.950949	10.615913	15.806524	0.002154	3.765224	6.616043	11.569875	6.104725	7.903934	6.517702	6.329435	8.192486
8.305828	11.466484	7.725922	16.508071	0.004642	11.067938	7.833446	11.956897	10.3533	1.306573	6.680194	4.474636	2.31607
4.128055	16.842493	15.584385	4.520674	0.004642	18.256611	4.253863	13.120316	13.508411	1.850791	6.378707	0.866277	0.684776
7.354559	12.178424	7.866136	5.769728	0.004642	7.522877	6.767127	10.383651	13.821549	1.919568	12.23433	1.537618	12.639791
9.978811	14.375913	1.299679	3.510051	0.004642	0.229573	4.581211	8.855265	2.455703	13.215751	17.486381	14.044429	9.962593
14.787816	4.49884	15.327074	1.33336	0.004642	9.026179	8.260611	3.40251	4.355011	10.205601	4.084729	13.442943	11.270686
3.775689	15.855688	7.232003	17.968255	0.01	0.104841	10.465281	3.407923	14.573313	8.71226	16.116841	0.55964	1.218268
3.924048	9.678752	13.829399	3.357634	0.01	2.669729	7.110146	10.939086	15.717861	5.371203	2.835699	12.507142	12.049301
4.350837	10.783046	15.71645	12.194258	0.01	1.889062	9.220516	18.126314	10.906904	0.779821	8.447972	2.422848	5.151971
3.414616	11.865622	10.653487	8.313915	0.01	7.646051	13.399964	11.692473	2.144143	4.609002	11.111445	10.01023	5.129051
1.27928	5.847737	0.505524	10.500273	0.01	10.944749	14.832447	15.355456	15.91774	4.49158	13.244637	1.926679	5.143899
13.637644	16.728353	7.256853	1.930024	0.021544	1.004325	8.436016	13.548903	1.080666	6.880297	12.105438	12.202195	5.167742
16.806391	0.19947	6.330091	8.403882	0.021544	3.147452	5.804707	10.160597	20.111238	0.278337	7.010496	4.047009	17.678787
5.548447	17.229904	4.532755	2.376712	0.021544	12.128811	0.383775	17.77005	13.69351	14.816583	2.28524	9.209024	0.003645
3.183755	4.947142	5.170463	13.859096	0.021544	10.247345	5.710055	13.495431	7.666893	2.892192	13.116398	10.147498	9.542188
13.843806	1.193069	6.778498	6.489489	0.021544	14.056093	1.355312	11.471098	6.269627	12.75932	6.451726	10.868351	8.442065
4.507242	8.812472	2.256346	15.458905	0.046416	5.575021	7.219652	5.108325	9.697323	15.243977	7.153696	15.135553	3.785072
16.094088	3.961142	15.024819	12.034319	0.046416	3.095793	5.013942	15.863128	0.065724	10.034577	2.960998	9.867322	5.937732
6.731758	9.075391	2.511258	14.850632	0.046416	8.930291	16.089107	3.094964	0.93903	14.541007	9.630055	2.970762	10.589328
4.820395	1.81315	12.482643	9.562856	0.046416	16.703825	14.855749	6.91576	4.468002	9.27191	9.753176	5.509407	3.796712
9.369208	11.979768	4.857209	11.002971	0.046416	5.951758	9.080212	2.393775	10.243967	14.774548	8.205809	9.665405	2.428954
9.122515	11.721756	11.745015	8.06245	0.1	6.031428	12.639394	4.90902	3.67898	12.698433	10.957855	4.046674	4.286479
2.619764	7.680648	0.629864	14.288706	0.1	13.485682	15.030476	12.462726	7.573586	5.671105	11.930464	7.36902	1.15796
14.075515	3.282943	9.144864	1.954741	0.1	8.039381	1.735709	9.036584	4.74716	13.447243	14.011008	10.519668	9.905186
11.299488	1.447265	3.324922	13.504582	0.1	15.036573	8.598124	1.815505	9.424608	11.185436	0.223388	10.025975	14.014134
8.481291	7.367143	2.057886	2.045887	0.1	7.865595	8.404698	4.659595	17.222092	11.467743	9.077503	18.562283	2.688283
16.42738	4.057909	15.088055	7.19394	0.215443	16.263754	5.606536	4.752551	3.582402	1.346868	15.378691	2.906539	7.179931
8.570316	10.860313	12.053741	4.930096	0.215443	11.211425	7.187575	11.279763	8.261332	5.233971	5.113564	7.357746	7.724715
10.813931	9.500959	12.943564	14.648579	0.215443	3.928467	0.174408	1.250868	11.070505	11.512723	8.987951	12.955904	1.996699
2.984534	9.787902	13.028466	9.35752	0.215443	1.285332	13.05645	12.226895	10.227453	2.250506	11.31759	2.828736	11.433174
8.990108	4.467021	11.869657	1.949631	0.215443	6.465005	4.372737	10.535845	16.95937	4.329584	4.078151	8.489752	17.277694
8.363403	4.690613	1.373495	11.208685	0.464159	6.146313	11.202906	14.070092	11.332549	0.616614	7.341356	15.562432	7.627384
6.061056	2.300846	3.958486	17.236389	0.464159	1.317576	23.32522	1.645159	16.316293	6.05838	1.731594	8.863502	10.72134
8.888539	4.934144	13.240652	6.029269	0.464159	7.845568	7.07179	8.419164	14.217739	7.093256	9.438237	9.741735	2.615748
9.820679	6.24736	17.463649	17.730159	0.464159	5.053555	1.814856	9.718896	15.189465	3.74009	8.2027	3.334682	1.219751
9.473304	13.959976	1.367205	5.067373	0.464159	13.144803	9.813318	4.357455	7.547915	6.252673	12.848156	11.511829	4.191834
14.411561	11.0882	0.399978	6.353113	1.0	0.453978	10.594892	13.718385	1.387406	15.630118	12.637093	3.764452	8.560824
15.662134	13.293428	2.954792	0.025624	1.0	7.271892	0.153147	7.655461	7.187561	5.123524	10.263632	14.419235	14.989569
4.933155	9.889076	0.699151	17.046116	1.0	3.683555	8.066298	7.635619	12.071711	10.354859	13.194515	2.343799	9.082145
0.50933	12.402483	13.44528	14.318576	1.0	1.869992	2.082208	0.536193	1.464714	6.642939	12.612365	21.929016	11.186901
4.527311	7.571445	3.339143	8.662201	1.0	20.869387	7.586648	7.736549	6.874493	1.176803	9.186251	1.187487	20.282282
4.864653	9.106733	1.163045	11.932336	14.402559	0.001	11.443056	8.634302	5.017607	8.99123	3.421069	10.926515	10.095896
8.927878	15.83633	1.050834	16.156536	1.937855	0.001	7.200843	6.329732	6.325106	11.71694	10.473358	2.594331	11.449257
7.924553	11.018247	12.880594	7.566021	12.28027	0.001	12.248905	3.919094	1.447655	8.239127	3.905278	12.573106	5.996151
7.435188	0.001844	5.711621	7.018745	3.717963	0.001	0.857968	13.478107	14.975387	8.142581	13.563297	6.970007	18.126292
4.620321	8.461757	12.13466	0.624144	9.756613	0.001	17.473213	2.35246	1.218804	15.952469	10.204001	7.669066	9.531492
15.931182	10.697757	3.584209	5.457301	13.664278	0.002154	2.084342	5.445597	15.186884	5.522499	14.532111	1.244977	6.64671
5.199535	2.073015	11.185781	12.173467	6.983311	0.002154	4.975355	12.406772	15.347567	2.689652	11.798558	11.765612	3.399221
9.242853	9.745142	15.309033	16.849533	6.6951	0.002154	6.336801	8.546075	9.221913	1.608119	6.652838	9.39508	0.39536
8.06691	3.592992	3.460988	8.841217	2.009569	0.002154	8.91295	11.859167	14.952609	2.541136	10.401604	11.02444	14.334264
5.197565	3.884545	11.683035	13.373577	9.593415	0.002154	9.684886	7.75656	7.763902	11.722708	5.616706	7.012184	6.708763
6.821393	3.605389	3.544638	2.690176	14.371779	0.004642	12.455605	0.07831	15.188289	12.943984	11.744583	5.624142	10.927069
16.066131	11.466792	12.835095	3.043804	1.832594	0.004642	9.271195	0.642702	14.6595	12.780855	2.128564	13.096139	2.171986
6.912893	10.044478	0.133226	8.353549	0.176768	0.004642	12.283177	11.76735	14.881895	6.603976	12.293927	0.605681	15.93844
5.250047	6.803559	15.141834	12.687754	2.656936	0.004642	8.874825	9.750318	2.645568	6.966664	2.694787	16.132943	10.390123
11.808195	1.003267	7.092234	6.645263	4.57577	0.004642	11.712678	9.971545	10.415537	13.667067	2.302291	10.990396	9.811115
1.008967	1.029485	5.013556	12.013407	11.614028	0.01	10.197725	6.679758	8.084894	15.967073	14.115441	1.038395	13.227271
3.516288	10.980147	10.454136	9.479302	7.869093	0.01	8.518577	10.716628	3.063727	8.530371	10.773471	10.420376	5.667885
6.947439	7.05804	5.566802	0.697321	4.03703	0.01	15.22104	4.022572	12.144851	14.863841	16.68941	9.65344	3.088214
4.602145	10.515615	12.253421	12.203366	13.727418	0.01	0.132744	3.114669	13.183864	11.806568	13.695058	1.000264	3.754867
7.835558	6.248515	11.221319	7.3675	9.201134	0.01	6.965328	10.331552	8.703936	8.549045	4.75436	9.45592	9.355833
4.863784	0.153006	13.51331	8.835028	12.427879	0.021544	6.693575	5.553767	15.176269	6.070364	10.484024	0.968103	15.239347
8.873095	9.214804	12.070794	13.027326	6.801889	0.021544	1.649092	2.071551	13.337376	6.338299	9.426221	3.557865	13.610144
14.17613	10.265259	5.82682	8.835436	7.227647	0.021544	10.670217	12.974602	1.323842	1.079589	9.469726	6.303674	11.825515
7.985446	0.171228	3.513616	18.667762	16.276835	0.021544	6.032083	0.575681	11.989641	19.475681	3.03637	4.661534	7.592578
9.224589	5.285341	13.549391	10.507513	9.654765	0.021544	8.738068	7.731382	11.807617	2.277501	9.410362	0.966245	10.825681
13.000761	9.893996	16.716959	4.35593	14.834165	0.046416	2.97327	5.889205	5.702172	3.53735	7.652474	14.408051	0.989251
14.331652	1.951069	4.985768	13.277547	12.325419	0.046416	0.535665	16.185508	9.373492	6.419355	4.082186	1.490601	14.995324
6.126491	2.729032	1.93592	14.840403	12.518269	0.046416	16.581238	15.505687	9.912119	4.34609	0.371738	2.104737	12.981859
6.732674	1.101813	3.301506	12.327502	11.287648	0.046416	6.611183	15.90671	3.347199	3.578282	13.651537	1.802002	20.305529
2.803566	6.502847	14.755936	4.004672	17.005368	0.046416	4.988374	14.92292	10.184111	4.990112	2.988043	4.393817	12.413818
0.559846	8.194483	17.162777	2.983867	6.834248	0.1	8.677594	0.566875	15.19141	11.420259	5.783464	8.34886	14.176318
5.817058	11.816126	9.862604	10.966364	6.875913	0.1	6.08622	1.554534	14.344198	9.261418	7.762603	10.985047	4.567916
0.161887	13.189008	3.198863	11.400276	10.917037	0.1	11.523253	16.011216	1.539292	15.115615	8.114036	3.408864	5.320651
7.754904	15.319578	8.642883	6.686758	12.386677	0.1	13.58256	3.79398	11.670224	10.71943	1.501211	3.77372	4.068075
4.441394	15.163458	1.985226	7.29468	4.809273	0.1	14.876029	12.972065	4.258576	12.95604	12.771408	4.866055	3.505796
14.402061	12.715949	9.446178	7.235237	6.449474	0.215443	2.37113	1.77688	5.160643	11.093299	10.272748	14.358175	4.502781
1.820296	6.948181	14.302826	15.258074	6.948511	0.215443	12.945044	3.39587	7.492097	6.379534	11.113111	3.662316	9.518698
9.505542	6.239762	2.358802	10.399364	9.95904	0.215443	9.77837	12.488142	4.362028	6.246104	13.205691	9.36542	5.876292
10.920825	2.865481	8.212666	2.966338	11.100883	0.215443	8.913964	4.486697	11.669547	12.786534	4.331237	9.492254	12.038132
2.934873	9.037715	0.827007	13.047282	7.276844	0.215443	5.305673	9.861848	17.28926	9.304035	5.440996	0.767279	18.691744
7.201546	6.810791	1.600813	0.949506	13.892824	0.464159	16.044589	13.975177	16.237493	16.422755	1.59517	3.595933	1.209243
7.808964	12.698647	8.210409	14.639011	0.572387	0.464159	13.249404	13.136083	0.330963	12.910406	6.063047	9.268828	0.647691
9.22077	9.782391	4.149308	9.619114	12.466695	0.464159	12.766116	13.23292	13.034427	2.238055	4.110417	3.241879	5.67375
11.05776	10.877412	2.237689	11.150687	1.141552	0.464159	1.170404	16.517315	13.595292	16.461944	2.722157	11.251008	1.352621
11.640481	8.647256	12.543633	3.492322	2.556538	0.464159	14.188141	6.002627	1.908689	9.536821	5.347829	12.55175	11.119753
4.848356	4.027413	12.677396	11.963717	4.061399	1.0	1.888386	15.983563	12.230569	3.838322	11.715212	13.609242	2.156425
1.703824	15.234863	0.856462	18.010662	3.669184	1.0	12.072437	18.37896	1.940568	6.142661	5.781498	11.038914	4.169968
2.076236	14.107083	7.351582	6.78708	14.778094	1.0	0.938288	13.790787	0.551846	10.415693	12.943955	6.304256	8.9551
2.987252	12.687578	16.477225	5.625258	14.379075	1.0	7.918988	3.316891	8.154314	16.320913	4.039907	3.672869	3.41973
2.378859	13.283772	14.096815	15.543433	0.237724	1.0	1.48439	12.256447	1.39001	9.55781	12.62302	9.631525	6.516196
10.825045	0.172631	8.956921	5.022871	11.156533	6.909093	0.001	8.041121	10.034785	9.320387	8.687465	13.522041	7.350106
10.017062	1.707956	6.012065	4.511902	1.994541	17.11047	0.001	3.5632	0.908372	12.477754	11.562548	11.675545	18.457583
9.672815	14.253275	10.938594	4.48961	1.727566	3.155586	0.001	12.106439	13.108572	4.762002	9.51547	12.32407	3.945002
2.745859	10.958931	2.059145	9.074397	7.922128	8.064141	0.001	12.322584	5.179452	4.873053	13.159181	11.841439	11.798689
6.906089	0.832171	3.653964	15.660228	17.209732	1.58261	0.001	4.403932	19.149304	13.912801	4.00338	4.247748	8.437041
8.387166	9.591053	7.37161	16.421577	15.268323	10.284007	0.002154	8.439284	3.046711	0.245457	1.723329	13.391566	5.827762
3.304968	15.305507	13.226306	7.64293	5.84414	15.084136	0.002154	3.450115	0.042419	12.252497	6.715535	5.046926	12.082367
5.735943	16.50158	8.348044	5.941748	3.715516	13.109497	0.002154	1.654976	3.861152	12.81981	5.054256	18.179687	5.075636
3.821297	3.586028	14.166445	15.149957	14.276948	3.595701	0.002154	4.032791	9.661145	7.252513	4.82025	10.81851	8.816261
8.685825	13.707158	7.827954	12.315188	8.899988	6.645463	0.002154	6.615501	13.594709	1.660759	8.403081	10.789231	0.852989
11.643699	2.908701	0.62475	9.085584	10.971457	6.523862	0.004642	13.562639	5.605847	16.094842	15.276424	7.594143	0.103411
6.402242	10.430686	7.320766	7.131738	12.982119	4.077095	0.004642	12.28868	7.542444	13.474865	14.105695	3.757076	0.481952
12.821516	9.678213	3.736197	2.408674	11.038883	9.873936	0.004642	7.604181	11.987013	7.38069	3.159664	13.101955	7.204434
0.5019	11.581476	12.83879	3.843019	5.115681	10.869137	0.004642	12.524041	11.353071	12.176112	6.917412	5.490236	6.784484
13.666455	9.603914	16.920745	3.721406	12.775985	5.698108	0.004642	5.014003	9.019553	10.357746	2.065261	10.932965	0.219216
14.608239	12.336023	0.591479	8.500591	5.489425	9.847744	0.01	1.608536	9.548778	7.137769	7.306917	13.95193	9.062569
0.879188	1.858225	13.613861	9.915184	9.007764	8.284864	0.01	1.056331	13.679123	11.197277	11.313703	11.301042	7.883438
16.625751	16.696596	1.395658	3.438406	5.199258	2.980703	0.01	19.144416	10.775904	7.583561	5.732556	2.21255	8.204641
6.21847	3.754859	3.254262	3.704679	13.877569	16.897051	0.01	14.702691	18.736159	1.199631	0.779003	10.61206	6.253567
9.712418	15.263256	4.25534	2.950897	10.251638	7.742558	0.01	5.52484	2.619202	3.823064	17.890328	10.14787	9.808587
2.222274	2.104904	7.096845	8.790722	14.997733	12.296807	0.021544	9.556194	2.873825	8.839839	15.486977	0.546534	15.165803
4.24989	5.467986	16.475797	3.140335	1.391979	17.58268	0.021544	4.875354	13.821236	8.663872	2.948608	5.195835	16.164883
5.610674	6.784415	9.757142	12.131299	10.174087	2.934945	0.021544	14.176204	8.568439	15.556836	1.370243	6.517331	6.39684
4.901894	17.030344	13.12351	0.797327	1.892378	9.181449	0.021544	14.757445	14.87988	8.365341	3.023441	8.014611	4.010835
3.842671	7.490154	0.175971	8.335589	6.43931	6.752341	0.021544	8.834987	10.148963	12.221415	7.117703	14.335042	14.28431
13.328974	11.399602	2.064502	1.23418	7.800333	12.216686	0.046416	10.968348	11.135737	9.555287	11.899357	7.733321	0.617257
1.422218	11.749056	10.083523	1.443034	12.809489	0.201555	0.046416	15.637396	2.066947	8.354022	14.318536	13.55576	8.312051
4.416076	11.503586	13.328891	5.226058	13.076197	5.399187	0.046416	7.341204	2.42964	13.094103	11.080753	1.730372	11.327517
4.855399	6.791431	7.202578	15.186398	0.879078	16.913834	0.046416	15.466839	10.52709	5.309974	8.97143	5.108113	2.741421
13.813096	0.082297	4.980678	13.46124	11.10787	8.186326	0.046416	5.499556	11.172289	10.26647	9.206688	10.004928	2.172147
9.640532	2.75447	5.851039	9.275042	2.913033	3.153485	0.1	15.789769	5.499911	11.110207	15.85358	12.522372	5.53656
4.814191	3.601729	15.082426	4.422052	6.340121	13.042991	0.1	13.607211	9.422795	2.297083	9.630217	12.424529	5.214656
5.535265	18.69559	5.90958	6.300542	6.265568	9.972211	0.1	6.330979	7.397979	2.97132	9.773871	7.00062	13.746474
7.154047	15.349627	7.704344	7.66336	8.665023	10.880915	0.1	0.434144	10.54061	14.527891	1.833931	9.512897	5.633211
2.76499	17.736059	13.797713	18.331244	0.631421	15.630509	0.1	10.970617	4.247774	0.809952	3.178605	9.253227	2.54789
6.194598	12.053667	4.251082	0.568403	16.535569	12.988626	0.215443	2.544798	6.443723	12.362963	6.669921	8.402672	10.768536
11.660489	1.563094	2.722094	14.325613	10.118905	7.610611	0.215443	13.413842	6.007128	14.252613	2.368837	1.635923	14.105407
