CD4	CD8	nB	NK	PC	Mn	iDC	mDC	M1	M0	mNeu	M2	cB
3.319094	7.655676	7.063457	10.174478	11.978611	8.150985	11.481109	10.834447	4.504178	0.001	11.786092	2.985593	10.06528
7.6401	11.095109	12.991707	1.043954	6.318521	15.910041	13.225541	4.958984	5.299261	0.001	6.675717	12.400828	2.439236
3.150212	2.989117	6.78546	11.651603	12.035955	9.162306	2.954808	17.277674	13.105711	0.001	12.712271	4.358424	3.815458
13.892882	2.097531	15.938031	8.137651	3.326399	6.459001	8.750926	12.051326	8.045483	0.001	12.109429	4.752339	4.438002
7.283419	0.093161	15.505173	18.058967	1.159533	4.316524	14.740685	2.550252	0.994299	0.001	13.386492	15.879575	6.030919
12.949325	12.157781	3.996778	13.11664	16.188679	9.771541	14.926355	5.06705	3.750845	0.002154	3.329729	0.269728	4.473395
4.050466	1.759229	4.862354	4.932207	3.939682	16.032935	10.279687	15.223035	8.574054	0.002154	15.361739	13.640547	1.34191
10.563919	13.461706	3.601364	2.917128	9.425396	10.915114	5.231321	5.149414	13.916687	0.002154	2.354695	14.107054	8.354048
1.847799	1.193328	4.54604	14.877773	4.073768	13.217894	14.840645	6.567831	14.661579	0.002154	3.580558	12.814866	7.775765
10.799356	4.030658	2.483245	11.53606	10.548985	12.820793	5.937023	8.817242	12.462625	0.002154	11.104552	5.07234	4.384968
8.902907	9.755303	3.669719	4.442417	9.025108	6.360555	8.901052	11.72205	1.551165	0.004642	15.03486	13.439787	7.190433
0.292699	11.343889	13.185914	5.614537	12.125908	3.258376	1.195699	8.531502	3.555695	0.004642	3.692925	18.595569	18.602645
15.411847	6.02648	2.807365	9.182769	11.894888	10.19228	0.358584	11.228019	11.059648	0.004642	0.937177	13.895872	7.00043
12.725277	8.078575	12.81222	11.774872	8.957741	6.284249	0.072557	1.96465	8.033025	0.004642	10.868386	0.994379	17.429427
7.926719	0.072924	9.998742	11.172729	11.799159	6.404386	15.003736	13.782997	5.335621	0.004642	11.760742	0.917566	5.820037
8.758231	13.032259	10.863295	11.762315	10.978396	6.468952	0.429753	7.397998	6.911715	0.01	4.243287	12.156251	6.98755
0.460467	13.960259	12.735354	13.888114	5.963946	13.822346	1.867625	4.888459	1.947622	0.01	3.68674	11.870562	14.898505
13.318545	6.476819	11.702665	1.501364	12.397949	4.205611	7.674446	11.817951	3.895791	0.01	13.175995	1.417512	12.405354
12.196547	4.632535	8.479009	13.92297	1.135501	6.966415	5.164093	2.75483	10.552809	0.01	12.869782	12.381483	8.934025
0.200503	4.703089	4.579436	11.651671	8.907881	10.548608	6.35055	13.962823	11.155605	0.01	10.689656	4.615815	12.624364
11.052614	7.102555	7.748292	5.350131	14.503986	18.243643	7.164762	13.988544	2.553199	0.021544	2.370059	4.538719	5.361952
3.407649	0.642972	12.314986	8.330004	12.061947	3.851445	13.100837	8.554722	14.558639	0.021544	8.318162	1.212964	13.624129
13.307637	14.680747	3.072647	2.944195	16.381177	3.686084	5.099784	2.64823	9.936015	0.021544	15.224711	12.957281	0.03995
4.050448	6.412046	7.564595	12.61087	5.643692	7.132461	12.695908	6.951565	16.75953	0.021544	6.605249	0.015151	13.536942
8.060013	9.936818	3.135124	14.670308	7.686792	5.814766	2.774678	11.88596	3.662293	0.021544	7.772256	15.193525	9.385922
17.495073	10.761011	1.774345	0.53243	9.60338	5.041437	1.675541	11.030678	10.158283	0.046416	8.707615	14.183462	8.990329
20.11005	0.60748	4.951919	7.098001	12.655497	9.505017	4.019231	5.252802	3.935297	0.046416	19.536269	10.818181	1.46384
12.643192	8.019279	13.500344	6.44557	5.601996	10.553015	1.733399	14.684306	8.382337	0.046416	0.298342	2.078628	16.013176
11.56639	10.932486	7.382749	2.845984	5.082304	7.908721	5.647322	10.345995	12.305481	0.046416	10.342028	11.971972	3.622152
13.001597	7.954989	13.501564	0.826013	0.864101	10.222433	13.160909	8.662787	6.75128	0.046416	6.009976	8.190319	10.807617
13.898376	9.006974	12.944172	12.587974	10.389298	8.910687	0.467691	12.714668	0.823263	0.1	0.522815	7.338258	10.295824
2.481522	13.003487	7.383261	4.648389	5.665312	12.505157	8.572843	12.899463	1.448161	0.1	6.437895	12.19553	12.658979
4.887664	0.621897	10.72201	4.795774	15.93471	18.163932	17.069945	9.508392	12.26461	0.1	0.223725	5.13958	0.567761
0.564725	14.456888	23.497172	1.205533	2.183807	5.532792	4.158668	9.365009	4.469192	0.1	14.994923	11.141635	8.329657
16.762776	11.789534	2.502588	9.168234	4.919931	13.514789	3.229222	10.494754	1.991914	0.1	14.150894	10.818161	0.557204
2.962376	7.143325	17.466219	0.852821	11.297256	11.353474	0.326904	15.212437	14.346943	0.215443	1.909145	11.287096	5.626561
18.561668	7.109088	3.480851	12.827016	2.17945	7.062463	7.386675	12.018091	9.930606	0.215443	4.771996	6.419998	8.036655
13.491354	12.646953	1.498772	4.488817	6.052953	9.363993	9.954663	0.731744	6.938385	0.215443	13.076365	7.617966	13.922591
2.904521	12.319258	0.711832	8.022403	6.009267	11.258109	11.613032	8.859971	8.426151	0.215443	12.245238	5.282981	12.131794
3.287502	3.245498	11.097892	15.292431	11.004997	10.154227	16.472713	8.615367	5.335714	0.215443	0.153147	14.230131	0.894936
2.816179	6.783829	6.549662	12.984907	2.945631	9.565699	14.170347	13.781813	3.934236	0.464159	3.117273	15.217043	7.669221
10.675521	8.861435	15.010866	11.943407	7.875403	10.393399	2.992464	6.594399	9.51312	0.464159	2.200694	6.599736	6.875396
9.819274	12.704555	10.22026	11.363207	10.038684	8.947676	0.262559	5.20433	3.579807	0.464159	4.452604	12.767194	10.175692
9.957023	14.934485	12.281726	6.342979	2.56252	13.09277	2.298912	8.046823	13.673186	0.464159	4.946891	11.35799	0.040536
5.437476	4.449466	0.152116	12.588447	14.270887	2.788738	2.273571	15.772279	15.172942	0.464159	10.345554	2.504715	13.77965
14.518776	12.211652	1.032274	5.086321	16.028723	2.985587	4.420572	4.503178	4.876004	1.0	15.889925	0.073813	17.373173
5.958506	7.509778	3.051294	12.882218	14.444653	9.319444	7.827873	13.310694	2.620533	1.0	13.71897	2.871388	5.48465
13.53725	10.530357	2.775246	5.705607	2.325709	15.937113	0.380198	16.087029	10.501039	1.0	4.761277	9.618001	6.841174
11.518366	11.91375	3.260321	3.150813	11.264775	4.552091	10.597879	11.376074	9.727672	1.0	2.676495	8.927698	10.034066
15.967156	9.042994	5.423287	6.434289	5.439387	11.317981	7.556471	6.524104	12.531136	1.0	0.204699	17.124007	1.43449
