position	PBL-others	MEL_TUMOR-others
chr1:64495	0.28559999999999997	-0.28559999999999997
chr1:64563	0.16199999999999992	-0.16199999999999992
chr1:64764	0.18000000000000005	-0.18000000000000005
