NaiveCD4	NaiveCD8	nB	NK	PC	Mono	M0	M1	M2	iDC	mDC	PMN	cm8	em8	Eo	Tregs	em4	ed8	Mg	cm4	Er	mB
5.0	4.443086	5.906455	9.262466	8.762257	3.914957	1.123748	0.526026	6.303068	0.087934	1.747478	6.057953	7.614537	3.890134	8.169412	3.188177	1.489957	8.153615	6.595235	0.232986	4.675978	2.854541
7.222222	3.692131	1.990128	4.712597	0.757456	5.721038	6.832718	7.295179	2.304726	2.892722	5.16245	5.847753	4.20297	7.078848	2.769404	3.160049	2.400764	3.017734	5.770344	6.542885	6.496518	4.129363
9.444444	6.550194	0.871603	6.614929	5.890002	6.339639	1.97762	6.32511	4.373338	5.936122	2.20879	2.393118	0.489666	2.407211	4.228483	6.165579	5.537603	5.441381	3.373733	3.48635	5.852501	4.092584
11.666667	6.089556	3.281197	3.482997	1.418789	10.194283	4.833467	1.899213	7.004144	2.016742	4.563253	3.279773	3.556308	2.436052	4.848832	6.057483	1.824316	8.879216	1.750043	0.141424	10.173452	0.602792
13.888889	3.796579	4.490901	8.849198	4.153044	0.928703	1.206259	4.997389	5.210531	3.116499	7.648762	2.102922	1.57924	7.581837	1.906327	6.652693	2.698472	2.397286	9.233645	2.287571	4.759143	0.514109
16.111111	7.837119	2.87043	5.787319	2.578172	1.032902	3.622494	7.113646	7.105224	6.253352	0.18583	2.371259	3.755425	5.759918	0.029188	6.118978	1.411352	4.899879	4.725982	5.167225	0.628136	4.635059
18.333333	1.736715	3.691712	3.221663	5.261085	5.937199	3.82206	4.442298	3.238336	1.592208	1.608357	5.250016	4.100338	3.589863	2.671924	3.328197	4.826342	4.692717	0.582412	5.851742	5.798831	6.42265
20.555556	1.706816	6.20589	6.704129	8.971711	6.408608	8.959866	0.031855	5.938749	1.242777	2.332716	4.912344	0.164984	8.508692	0.030065	0.447866	0.139152	2.230513	1.053161	5.492875	2.379462	5.582214
22.777778	5.644931	5.604591	4.709252	7.77785	3.801402	4.183368	0.368782	1.66186	2.026624	1.905707	2.179344	5.626585	6.34809	5.208942	1.605975	7.594256	0.079326	3.074994	1.981901	2.977655	2.860786
25.0	4.223105	2.054787	1.326803	4.518789	2.622512	4.768785	2.278058	3.614593	4.835606	0.059283	5.453261	2.077872	2.780886	2.297918	5.255453	0.616785	6.895831	6.213212	6.970419	4.957189	1.178855
5.303689	5.0	6.410074	0.319001	5.456974	2.502099	6.244355	8.62698	2.187106	4.446275	4.528264	4.725411	6.70803	0.311793	2.708539	3.367222	8.762538	10.284522	2.681194	5.390826	3.836287	0.198818
2.770261	7.222222	8.302536	3.048285	5.456989	1.466519	8.659462	1.540376	1.657847	5.796532	1.810836	5.237938	8.312075	2.12875	1.165998	7.668672	0.937532	4.647206	8.905881	4.508765	4.672573	4.082743
4.941863	9.444444	6.502278	2.282164	0.629542	4.381097	0.890091	4.29048	3.527763	0.563888	7.018701	2.084357	3.146546	5.212059	4.624542	6.797828	5.982297	5.2906	4.573197	6.958584	3.63315	7.224528
9.087949	11.666667	2.301421	3.506224	1.254621	0.050316	2.094542	0.946396	8.946073	0.202035	9.338825	4.75248	3.009661	6.585404	9.638577	4.020358	4.118593	6.633889	7.658011	1.455445	1.476824	1.25569
0.651619	13.888889	1.653418	7.915203	3.657309	6.784931	5.004382	9.047523	8.746336	2.604315	0.418953	0.144915	1.48855	3.105887	1.328503	8.794434	5.828961	8.813538	6.24022	1.044112	2.015626	0.822375
0.966084	16.111111	4.220166	4.125447	6.324785	7.270423	2.937695	6.786229	5.886316	3.920148	3.552926	0.754426	4.69518	6.112422	2.698257	1.986462	5.035683	1.860648	0.201459	6.740707	7.279776	0.53365
5.674454	18.333333	5.565445	2.482307	0.093501	3.861344	4.743052	4.90478	1.765671	0.356191	1.893089	2.313372	5.493761	4.669317	5.852041	3.194988	3.689791	6.785116	1.306038	4.913099	6.822165	5.287144
1.66358	20.555556	6.271592	8.1218	2.750617	2.800403	4.722141	5.083133	5.428178	0.853137	6.903389	6.599935	2.432124	0.116985	0.867769	1.930762	4.621938	1.066413	5.478431	7.214707	3.737123	0.780287
4.085779	22.777778	7.579392	2.344194	4.309152	1.276432	5.515957	6.244068	1.852153	3.938664	5.720408	2.762204	2.554602	7.197475	2.302607	0.942637	2.092223	5.940513	7.106132	0.661591	2.780191	0.015848
3.107521	25.0	1.765807	1.228681	5.812846	1.325147	5.632456	1.967211	7.018039	4.149431	2.600567	4.05166	2.1094	1.714015	1.723883	5.872664	4.149055	5.638822	6.618416	1.862837	2.34204	4.309501
5.75103	4.947141	5.0	6.852763	5.670699	6.431735	3.964087	6.921829	4.119222	6.106679	1.547292	5.013469	4.558097	3.591142	3.912392	4.36288	2.144712	3.9061	2.748458	0.792446	5.375828	6.281998
10.225312	0.480738	7.222222	6.989801	9.095661	5.274288	1.053466	10.626721	4.385858	2.420081	4.708888	1.851425	6.276886	1.540528	10.789411	3.80433	1.282353	6.375123	1.885812	1.798749	1.865589	0.046759
5.357364	4.369135	9.444444	5.307016	1.059774	4.92767	5.995194	7.78748	3.580497	0.162648	3.214924	6.206609	2.196685	7.403524	7.96056	1.420196	0.694646	2.647517	5.960487	2.367478	7.051768	4.884383
3.199167	5.84573	11.666667	1.225923	5.259508	5.048637	6.839562	1.206849	2.163182	4.801922	6.748629	2.967133	4.348531	3.60851	4.188853	4.68146	3.664091	4.5282	3.808496	7.957613	0.905859	5.335479
4.122208	3.899899	13.888889	6.251493	1.736178	5.687315	6.82413	0.990015	2.170227	1.895393	3.800894	7.154267	4.779051	1.022651	6.754664	6.256929	4.902623	1.743057	2.856732	6.100524	6.634355	0.528506
2.166303	1.689853	16.111111	5.139197	4.954666	3.137924	6.275223	3.724135	1.52419	2.923583	4.98608	3.596773	3.175212	6.048618	6.072304	6.183392	5.324485	1.981369	0.925006	5.523969	4.258462	4.278144
3.948881	5.499995	18.333333	0.366374	10.286484	1.866421	8.189914	0.574624	0.797396	6.564705	4.178951	0.079893	8.033263	4.344212	5.962014	7.385562	1.574714	2.094457	2.85217	1.736421	4.819257	0.51096
3.649765	6.626413	20.555556	5.354897	6.288277	0.557683	2.481118	0.965284	0.971729	6.427885	4.644971	2.263753	5.804675	6.148579	1.762722	5.556799	0.282827	3.968577	2.66876	3.074282	4.981119	4.964332
2.892054	6.941876	22.777778	6.265849	2.240272	0.801096	5.427978	3.707068	5.254069	6.332389	2.666323	1.589913	2.150056	6.974608	3.124515	3.022776	2.115355	3.356758	1.179526	3.676238	5.227484	2.276018
4.764654	4.235056	25.0	2.039566	1.068775	4.644204	3.438962	1.438682	5.858687	3.809841	0.629361	0.273912	2.73246	6.079726	3.550862	5.839756	5.922501	0.195367	4.093323	4.984931	2.131223	7.268152
3.684214	2.075443	6.490822	5.0	3.095844	4.49066	7.25416	6.543111	6.073234	6.921435	7.854411	0.331797	5.814388	6.965739	7.152524	1.075788	1.227495	6.474206	4.122354	2.024993	2.912621	2.414761
5.347923	1.858607	0.992166	7.222222	8.43292	6.299276	1.562309	6.370223	2.486239	0.660439	0.396012	4.183861	3.537643	6.475669	6.843147	9.208314	3.108594	2.652015	3.746744	9.710639	7.99977	0.905269
8.639781	1.094107	5.088891	9.444444	2.60016	0.19198	3.339275	3.934549	7.652896	6.630274	5.973643	2.126123	9.8595	7.225597	3.817783	1.902061	4.713421	9.097048	0.331653	5.509253	0.380064	0.447499
2.216559	3.883252	2.786389	11.666667	3.502855	4.497629	1.16021	3.251228	8.942712	0.251401	7.997047	7.520438	6.153979	6.043376	1.140535	5.386989	3.899498	3.28909	7.96117	2.220802	1.866895	4.361279
2.21307	5.731118	2.955657	13.888889	2.137343	7.179656	4.447395	3.243195	7.059366	7.630712	2.55925	6.784772	4.725385	3.006671	1.975014	0.473679	8.183067	2.708938	0.710857	3.957284	5.994383	2.4343
5.374534	5.007567	2.328282	16.111111	2.135552	3.490053	6.691944	7.313624	7.219839	5.750843	6.546595	4.401069	7.143018	0.230233	1.214977	1.568353	3.779578	0.815719	1.547181	4.992092	4.408019	1.929816
0.080105	4.341841	5.846284	18.333333	8.322021	3.535832	1.878463	2.666661	9.056288	3.6368	4.749313	7.506755	3.345304	0.846849	6.570748	2.480021	0.040764	5.004585	2.51414	1.590625	2.930399	4.722871
1.661056	6.108405	5.496984	20.555556	2.848985	2.944233	3.491113	3.459857	4.751003	4.373936	4.903614	4.800397	2.013073	4.838663	2.176	3.289744	7.240997	0.353836	4.362819	5.535899	3.348039	1.445791
5.629299	1.866735	1.829692	22.777778	1.827551	5.395256	5.094194	4.845483	3.2635	1.351668	0.965508	3.580713	5.961907	0.338095	5.578954	5.435955	4.958958	2.866587	4.282173	2.262549	6.188635	3.698812
2.380981	4.823062	0.637102	25.0	0.668269	7.21812	2.380212	7.147121	0.025123	3.010634	2.464413	3.482221	1.588628	5.201683	7.862496	5.447467	4.010638	5.279317	0.212686	1.713961	2.61641	6.829457
2.987903	2.668115	8.016964	2.385783	5.0	8.399062	1.639585	7.780945	6.410179	4.80966	4.707842	2.5767	8.638828	7.900247	4.008059	4.767108	2.593528	4.789126	1.53153	4.777344	0.557393	3.054096
3.489422	11.65803	8.329932	3.146021	7.222222	0.924306	3.722883	0.86263	2.050721	2.969473	0.328997	9.007943	4.901539	0.385816	0.697456	3.806056	3.252858	12.127691	3.49201	5.669285	6.868794	5.085916
0.078493	7.973464	5.605813	6.824787	9.444444	0.402418	7.367153	1.554187	2.81148	7.458334	4.748154	4.615843	3.241519	3.338027	1.620219	1.988689	2.85184	5.737914	5.975903	7.795923	1.42251	7.142884
3.254684	1.539461	5.86121	3.507452	11.666667	1.383196	3.025994	2.004598	5.236205	4.801723	8.580053	6.704999	4.038108	0.523251	0.016778	1.268179	8.14348	5.674304	8.440982	5.679428	0.952262	7.696986
2.260628	3.965013	5.309741	6.287312	13.888889	6.951812	1.833649	5.295241	3.612005	4.497259	0.617389	1.023393	6.335388	1.400067	3.8386	5.316076	0.360997	6.809885	6.978915	5.822476	5.024345	2.570922
7.174589	5.294517	0.511475	2.827427	16.111111	0.993045	3.547086	2.068505	2.168329	7.821776	7.782357	2.458922	8.471054	4.475657	0.788937	0.996193	4.421038	0.58103	2.751267	2.122668	8.287369	8.345649
2.110565	4.575707	2.456575	0.717514	18.333333	1.6962	2.817146	3.015234	7.475489	0.815749	6.835728	5.269743	4.143248	6.438653	4.953051	5.218387	0.824368	5.746562	1.492696	3.328216	4.692863	7.042972
3.415528	0.351802	4.286692	4.305617	20.555556	5.968261	6.813987	5.876063	2.622102	1.673776	5.283886	1.390087	2.261232	2.167558	5.14248	0.641744	4.911276	5.73135	6.335118	1.215806	4.800051	4.250029
0.835362	3.433169	6.394568	1.956226	22.777778	4.379392	6.580654	5.012382	0.395206	6.061939	0.768385	2.049386	3.409237	3.699633	5.483373	2.799683	0.694039	4.667153	5.920483	1.183947	5.664833	5.833172
0.135339	6.415879	2.98902	5.271519	25.0	4.233189	2.212511	3.060893	2.375335	5.106867	4.577056	2.074271	3.865609	3.585435	5.186378	1.839882	6.864425	2.109364	2.491392	4.814615	1.130786	4.660232
7.043383	4.086329	0.980334	6.536533	7.156565	5.0	4.653793	3.360216	5.857056	5.352791	6.199012	1.957839	3.665618	2.718012	6.813435	3.453772	2.050367	5.957782	5.022003	6.407832	0.255732	5.471597
4.077166	4.107049	1.537003	6.223266	0.196656	7.222222	3.410547	4.950432	1.830548	5.797316	5.640626	3.305968	3.403258	9.273316	6.781064	7.941679	0.338992	1.353961	7.787817	6.440365	7.826669	0.554081
0.443436	0.380543	5.774457	1.649209	8.217345	9.444444	4.618705	8.868178	3.319515	1.21597	5.308685	4.25222	4.905923	8.109708	7.498577	1.699524	5.89227	10.601736	1.144246	4.272679	1.374498	1.008132
1.289753	3.355279	3.838655	0.662874	6.384253	11.666667	2.602803	2.496764	8.283877	5.124664	3.288199	5.226485	7.307676	5.581212	1.451365	4.962841	4.222744	0.206362	3.083696	3.47386	8.654894	6.835077
1.943861	3.125089	4.691577	6.222765	1.456776	13.888889	7.24629	7.024519	3.769156	5.819237	4.572401	6.735341	7.127108	0.405126	3.777414	4.39194	3.445438	5.119939	6.488977	0.239831	1.434257	1.074071
1.020443	4.975701	8.012983	6.544017	6.674567	16.111111	5.419715	6.725365	0.912942	4.92512	6.574308	5.017003	2.651107	2.960679	7.003034	0.795366	1.277831	7.866021	3.10104	0.848979	0.157904	0.424765
3.479681	0.546785	4.025761	3.734804	4.893188	18.333333	2.706864	6.950104	3.168079	1.042204	3.629454	1.550986	5.894157	7.129221	5.051625	2.992189	6.085849	4.688394	6.269309	3.180437	2.374712	2.272862
6.436721	4.807398	7.116825	0.114645	7.232345	20.555556	4.481604	2.810237	7.322579	7.292763	5.719172	0.79801	4.806451	0.282635	2.262433	0.310578	1.369353	6.357113	3.288442	0.421388	5.86639	0.347363
2.373438	4.44913	2.015402	6.165206	7.859981	22.777778	3.054667	1.882619	0.972667	0.504236	6.316282	8.069853	0.738627	0.292021	6.259459	7.933735	3.319774	6.962549	1.087276	0.063805	4.440215	2.461279
5.07613	1.218103	3.154307	5.592336	3.899645	25.0	0.854858	2.871454	5.814109	2.957252	6.28516	0.679295	2.042913	3.314341	2.362321	3.492322	5.878338	5.473362	0.224334	4.090205	5.381299	4.337916
6.342817	1.450178	1.038845	5.879529	7.39252	4.171193	5.0	4.179119	3.724369	6.408339	1.06633	3.776201	5.203478	3.606684	1.841161	5.965844	3.025342	5.230235	6.133179	5.111	6.036639	7.416997
7.125992	0.903154	6.922682	7.066988	4.348306	5.52145	7.222222	3.511279	2.73022	0.816611	7.333027	5.356833	6.255023	5.341859	4.395327	3.136077	0.151429	1.445551	6.316425	2.44182	6.860325	4.797401
2.656176	6.514044	7.32138	6.44756	7.477276	3.537814	9.444444	3.528787	1.983643	3.996503	2.023726	3.572511	4.077832	7.474083	5.267918	2.277158	0.841473	2.93882	5.014328	6.031001	0.261342	7.312181
5.779662	3.097089	4.153699	6.531981	1.433197	7.605341	11.666667	0.348112	1.569478	5.609659	6.4639	4.581329	5.69784	1.163534	5.350463	5.443082	2.436056	3.718277	2.459377	2.533826	7.081517	5.275915
0.896071	2.460115	0.893415	0.121953	8.666218	4.003897	13.888889	2.283286	2.793704	7.065063	5.981054	7.228047	2.42713	2.830465	6.01865	2.885817	5.178133	6.392683	4.87183	2.425098	4.114339	6.574144
1.496229	3.422148	5.849471	0.127211	7.887063	1.385823	16.111111	5.524065	3.804548	2.010358	0.847673	1.827391	5.168969	2.347266	6.453137	7.572724	0.151552	5.067582	5.068406	4.875705	6.620996	6.380571
8.340544	2.613968	4.262018	3.417894	8.365974	4.994324	18.333333	3.568169	2.850886	2.227643	1.29453	1.005785	0.089871	4.559191	4.729835	3.364009	8.212341	0.150295	2.982624	7.232595	7.320472	0.083698
4.400338	0.109347	4.779603	5.605272	3.436063	5.345385	20.555556	5.717238	5.571734	5.529821	3.323887	3.4685	2.014627	4.311193	1.092393	1.881574	1.043427	4.811798	5.648176	2.89127	5.410194	3.052605
6.534802	6.36456	0.428002	4.184857	0.230744	0.119359	22.777778	1.367913	4.1861	1.825174	4.751951	2.624878	6.819492	0.765641	4.386722	5.757675	7.090706	7.311632	4.432874	2.022453	0.555108	5.461581
0.219554	3.811558	2.329773	5.757623	4.133356	0.617593	25.0	3.030355	4.302035	2.824729	4.153289	4.850232	4.133649	5.710983	4.97327	5.353136	0.17928	4.815134	3.650359	5.841032	2.474495	1.838566
1.895494	7.601752	7.130095	5.769341	7.987035	2.46881	5.773791	5.0	3.964898	6.262371	0.52767	6.450206	0.575277	3.133054	3.595807	8.086245	6.171678	0.249551	6.298538	2.683289	3.337095	5.038002
5.709952	6.933273	1.09071	7.308727	6.274279	6.685788	2.459308	7.222222	2.085148	2.960682	2.628776	5.758494	7.120819	5.421501	0.712892	6.347188	5.40474	6.648773	1.38922	1.072105	3.921329	4.844075
2.784362	4.268477	6.472614	4.999083	4.453213	5.169928	7.166458	9.444444	0.259009	6.910361	2.206858	6.048104	0.866641	4.22573	4.422205	3.790687	5.590056	4.788386	4.740396	4.17548	4.298622	2.918886
5.992244	1.221209	4.391584	7.947731	3.178675	1.484406	3.34846	11.666667	2.328547	3.12225	1.346296	1.035732	7.050595	6.723152	4.104512	8.165062	0.92381	8.152454	4.140276	6.157932	7.020379	0.498029
5.622674	1.570791	6.866424	5.521576	2.504607	3.001873	1.098153	13.888889	5.435937	5.357568	2.535305	1.328725	4.524028	2.976519	6.824104	5.089649	2.692955	0.541695	5.879034	6.503137	5.698374	4.537981
5.765175	3.908122	6.102407	2.071063	3.825946	2.699307	6.968353	16.111111	1.663154	6.162058	2.481034	7.392373	0.633963	6.409956	4.867771	0.909037	0.099723	5.3748	5.668153	6.271842	0.279956	4.334696
7.615215	2.534206	0.911064	1.659332	6.684054	6.103437	5.905329	18.333333	3.59756	2.688002	0.672041	3.326966	0.157333	7.692788	7.782595	1.822549	0.210827	2.881077	1.128695	7.784516	4.832824	5.67626
5.477994	5.408699	3.761012	1.801601	1.976585	2.954899	4.351096	20.555556	7.370038	4.392824	0.681749	6.19485	1.109326	1.957256	6.158428	4.498143	1.221097	3.397396	0.180565	5.816129	5.317209	5.41755
1.260753	1.832678	4.749873	4.776513	2.117537	6.330648	5.498755	22.777778	0.338151	3.341535	7.327258	2.218412	4.818862	6.202818	5.549445	0.590947	5.17308	1.867214	3.980712	2.503194	2.345359	4.398479
2.193553	0.728715	4.328238	6.413107	1.413072	4.945429	2.795292	25.0	3.421213	6.164704	4.684755	5.419488	3.151606	2.678445	5.987472	0.798137	1.215456	3.184152	0.854628	2.196817	5.875041	6.550681
5.509757	6.363881	6.837826	6.499052	5.600271	5.071739	6.294028	4.765246	5.0	2.850842	0.724816	5.336792	0.872947	3.816315	7.880877	3.702002	0.106525	7.666319	6.67547	3.602461	1.343799	3.479032
6.838429	4.625365	1.103635	4.44858	0.967502	3.373123	0.372584	6.351252	7.222222	6.998641	3.603664	4.846743	7.8725	6.971187	7.222787	3.992206	5.980831	1.911726	3.210313	4.675496	4.764876	2.646336
5.318325	4.760868	5.371328	2.378818	5.888939	5.653422	1.69107	5.263469	9.444444	3.54747	2.288028	0.112164	4.614669	3.681415	7.125793	1.316066	0.773989	7.183266	6.973838	3.781258	6.653515	6.177844
7.039799	5.164136	6.813686	4.403888	7.928773	1.243447	2.61872	1.698496	11.666667	2.458999	1.566973	5.902529	0.582611	4.525746	2.017035	7.07785	5.292829	5.083443	4.855592	4.502577	3.987596	3.568607
7.072395	1.556634	1.303516	5.920104	2.553193	2.50557	3.743851	6.759412	13.888889	3.217745	3.584647	2.350501	0.059015	1.08724	3.315404	6.201914	6.25649	5.291242	6.835405	6.750873	3.516343	6.229615
7.642938	1.982955	4.60081	1.088314	6.390358	1.408507	8.49393	0.927405	16.111111	4.050385	1.565473	0.459987	8.202773	0.292548	5.816485	7.274189	7.463747	3.359821	5.205228	1.075783	0.3933	6.193953
0.652236	3.034388	8.062675	2.982568	7.799307	0.443188	2.303033	5.509835	18.333333	5.266442	1.98866	1.250767	0.619465	5.702011	5.681629	7.029601	3.073221	5.446146	5.236372	2.612042	0.54046	6.432617
1.685699	5.693755	2.973242	6.404069	2.137949	5.733317	3.655147	6.636659	20.555556	1.027558	0.362693	3.795098	3.208087	6.619958	6.335603	4.08712	3.516766	1.667117	5.407354	0.362755	2.004728	6.129774
5.92457	4.415881	4.739169	5.631461	5.159491	6.723796	6.607371	2.736586	22.777778	5.740597	1.708033	0.225793	0.296975	1.617867	1.916962	4.046156	1.525593	2.227554	5.25711	0.681776	3.642881	6.396597
5.678367	1.419883	1.606059	5.876996	2.968947	5.95744	3.50449	0.849191	25.0	5.30346	2.552476	5.473755	4.664511	5.738629	0.651187	5.487207	6.058454	5.943807	0.612545	1.474084	0.114999	3.063514
1.652271	1.284804	2.521426	2.623335	4.359954	4.720099	9.129528	7.015127	0.850242	5.0	4.17435	7.018149	5.301848	6.980259	4.259753	1.391419	0.974795	1.594325	9.262905	5.113835	9.257278	5.514298
5.378725	0.793278	4.158534	1.911771	7.738646	6.000413	2.732797	1.190463	7.414515	7.222222	7.268251	0.140122	5.394385	7.910432	3.983601	7.887598	2.830622	0.409583	5.665084	1.420149	7.2561	5.292708
3.730233	7.713669	6.018334	1.705861	3.973192	5.41524	1.794609	6.345169	5.144072	9.444444	6.041734	2.099038	4.317539	6.283422	5.870811	9.207689	0.775731	2.311749	1.71965	1.389732	4.23068	4.467403
4.060236	0.895376	3.619507	3.821914	1.846794	5.57361	0.807335	4.985129	6.508062	11.666667	2.72455	6.311275	2.607831	6.717366	5.703365	4.408302	1.964958	6.760917	7.386823	4.078186	0.489422	7.062374
0.643225	5.24299	5.108031	3.845228	4.459835	2.393462	8.467221	4.213784	6.168985	13.888889	4.759919	2.669687	0.387216	7.106333	5.393193	2.864867	1.698889	3.434893	1.990859	3.39227	6.063897	5.806328
2.126943	1.878903	4.719047	6.068762	7.251177	3.499963	5.522256	1.221586	4.435909	16.111111	7.70129	6.102123	2.929434	0.89993	5.975799	3.015111	1.886635	0.039563	1.176598	6.677312	6.390346	4.370201
2.240499	3.161148	6.926372	4.551124	7.104157	2.183006	4.675046	0.611794	5.091604	18.333333	0.549862	5.870407	2.096253	5.671086	1.298487	2.511025	6.449144	3.278009	0.163981	7.033759	6.605889	3.594014
2.554241	3.477868	6.46649	4.707968	1.843945	4.336674	1.721565	0.654258	3.058773	20.555556	6.691151	6.466226	3.49176	4.38541	0.559223	5.583332	2.26183	4.264125	6.690024	1.771692	4.268639	4.189249
4.624556	3.727014	3.625463	2.864845	4.192967	4.359399	2.146851	5.356814	5.000881	22.777778	0.917866	4.689164	3.905904	4.09679	1.264973	5.147585	1.616312	4.104418	4.669322	4.850213	0.370889	5.689996
4.46592	3.12529	1.662559	3.186994	0.535457	4.290678	1.477308	6.417858	2.064823	25.0	3.682789	3.382505	4.459635	2.409161	1.3749	2.864367	7.334438	6.863049	5.065522	7.096035	1.048739	2.191971
7.875206	6.033831	6.73158	8.344676	0.545932	4.730791	7.94098	7.40694	3.687118	7.496086	5.0	5.194581	2.730624	2.473744	1.993547	5.123232	4.316776	1.677467	2.680947	0.457732	5.378609	2.179602
1.465244	0.887723	0.201802	1.955473	4.513475	9.422482	6.827724	1.565796	7.379246	7.378094	7.222222	4.13894	2.523687	2.761264	7.94329	0.385969	6.707847	1.103849	9.743386	9.857642	1.467433	4.547411
2.856012	3.659314	9.184224	8.518249	2.882191	10.612115	4.271659	0.754829	0.90117	2.080674	9.444444	0.725415	1.281514	8.631373	1.496091	2.322569	1.39227	7.297554	3.23598	5.057048	3.922287	9.473019
0.796035	1.254718	7.693787	6.178731	3.919637	2.187127	6.875816	2.85795	4.793414	5.195389	11.666667	0.561901	6.433398	7.517686	1.864267	7.698703	3.295031	2.082689	0.475199	3.637839	5.522802	7.491212
6.719571	2.455789	0.703272	1.549676	2.584361	4.638186	7.31103	5.02373	1.069863	5.784983	13.888889	5.366747	6.405707	1.922989	4.554869	6.879074	5.393092	2.710217	6.183842	1.721984	1.127274	6.004855
0.751817	5.915466	4.468901	1.612551	3.183347	2.878392	4.465893	2.417569	5.693085	7.678925	16.111111	7.241666	2.511581	5.058457	7.106213	1.774816	1.065418	6.45953	2.607538	3.927936	5.496911	1.572876
6.066158	0.938532	5.620452	5.118678	6.197118	4.199622	4.779375	2.591654	0.531615	0.854346	18.333333	2.70664	2.325508	7.004098	2.162381	4.277717	0.804967	4.956034	5.466114	2.601113	7.188377	5.276167
3.467907	5.871613	3.683347	1.32677	1.972043	5.039171	1.834194	6.651583	3.522535	3.910059	20.555556	0.478934	3.616436	1.125842	3.900135	5.119815	4.417571	2.360736	5.399159	2.13372	6.947139	6.665738
8.311199	5.711709	2.985223	2.83707	2.632566	7.145839	4.39536	1.977383	2.902029	5.061144	22.777778	1.947973	1.499933	3.67297	2.860994	0.178259	8.779265	4.787421	2.772886	1.500693	3.235082	2.027224
4.953495	6.637823	1.647745	3.099526	1.04005	0.9562	0.003615	3.80614	1.067643	2.497364	25.0	5.255108	3.226551	5.116985	4.435095	6.590113	5.963697	3.369973	4.753225	3.22837	4.986923	2.36436
6.296222	6.593553	3.634669	8.401877	5.532637	0.488779	4.501603	4.676626	4.485626	7.855003	6.233002	5.0	3.405832	0.610016	4.109439	6.895595	3.067066	1.750747	5.239761	7.74983	2.014285	1.457832
4.498531	5.976429	5.735618	4.898315	4.180601	4.961858	3.061264	6.504837	5.015502	5.591568	0.360489	7.222222	1.735696	3.783346	5.098108	2.773257	6.247666	6.080226	2.227954	5.899655	3.165092	4.981766
8.034043	6.855554	3.56166	0.952987	5.065035	8.349363	6.661905	8.112039	0.263987	1.5562	7.211413	9.444444	0.330756	1.397638	5.795721	2.72212	0.667583	7.397416	5.438218	5.743345	3.467364	0.971208
0.683813	4.496512	9.222017	5.866923	4.633776	2.164848	0.11854	8.286155	1.423401	4.852116	3.766929	11.666667	7.128849	2.970119	2.523218	0.928082	5.171024	0.506736	3.265941	7.814448	8.73736	3.772526
0.843957	6.09694	5.574105	7.27562	4.742556	1.452141	3.485319	1.510609	2.358024	7.480939	4.573721	13.888889	6.581825	6.878342	8.365663	7.52241	7.440279	0.270826	0.421379	0.436153	2.423801	0.376501
8.232472	4.318534	5.995618	3.280024	1.249899	3.793642	4.665086	0.512208	0.354987	1.281598	0.380019	16.111111	7.551996	5.999204	3.546488	6.551316	2.379797	8.313705	3.575759	1.360083	8.186569	2.359885
0.941636	4.2957	4.353839	5.88331	4.126467	2.941239	5.942769	2.181505	5.42179	3.645784	3.318283	18.333333	5.601515	0.264925	3.495512	1.75669	5.093535	5.256874	4.995678	4.188276	3.879015	4.082324
5.992948	6.470439	2.549258	3.736059	5.563166	2.16849	0.64045	5.096148	4.367962	3.044528	5.977003	20.555556	2.23684	5.33468	1.32033	0.824632	3.362304	6.130605	5.286963	5.498375	0.653096	3.190167
3.495996	6.219161	4.824283	1.39525	4.181651	6.973988	5.549514	2.68178	1.497412	2.105028	6.431389	22.777778	0.228304	6.966879	4.031895	4.029812	5.674538	2.48141	2.281187	0.192212	2.487635	3.4929
3.547876	4.701822	3.624222	4.963694	4.290501	3.004336	6.06804	2.698806	2.23478	0.171074	4.993354	25.0	3.154334	4.315937	3.782038	3.503883	0.963157	4.146504	3.213492	1.145003	3.974513	6.502633
5.529941	5.178276	7.419727	0.767415	1.632256	0.774324	2.735554	7.589808	4.509775	5.301863	2.117014	5.060162	5.0	7.229141	5.942525	6.45578	3.835695	3.381511	4.311208	5.028774	2.666081	7.53317
2.359974	1.46424	1.069497	2.913263	0.614528	7.500778	2.003571	5.172616	5.092879	8.727804	5.11915	11.055481	7.222222	11.591603	0.102509	5.486695	1.277458	0.18205	1.486551	5.386328	7.115444	7.055357
3.041066	7.219866	4.468549	9.137204	7.456373	6.478808	2.769989	2.841195	9.69756	6.511868	0.425432	0.533147	9.444444	6.922858	0.329482	8.543762	3.072486	1.853787	3.831882	0.698828	2.681782	2.03963
4.850256	4.485519	5.814291	6.61502	0.434913	6.758013	6.306196	1.310322	7.406781	7.228093	7.265607	1.250266	11.666667	4.764185	2.92726	7.533825	2.771488	3.566166	0.052252	1.317369	2.376973	3.298538
3.035889	6.38118	1.890696	3.71875	2.500685	5.256253	3.192275	5.402751	6.829629	4.848095	0.863036	5.773029	13.888889	2.538223	7.009897	6.57724	3.707025	3.085969	1.845909	3.35774	2.107825	6.189017
5.509015	1.61879	4.743154	7.735241	5.048553	5.384722	7.042032	2.16538	2.556233	0.10942	5.815656	7.981956	16.111111	3.851367	0.331668	0.944421	1.561709	5.496014	5.602834	1.199119	2.158181	7.033424
1.801457	0.190573	6.398318	1.946435	2.573899	6.544875	0.535964	1.021247	7.159494	1.499275	5.662041	4.213093	18.333333	7.556286	5.708624	7.455074	7.348636	4.713813	1.276445	4.026036	2.708451	1.326631
3.531933	4.990836	4.056736	5.428962	5.28885	1.380792	5.331105	2.022103	0.322874	4.207242	5.365421	1.385822	20.555556	3.492397	5.299769	3.648955	4.267151	3.870251	0.283324	4.993863	4.859793	5.416267
3.18493	3.35189	6.090281	0.139819	1.406589	1.687151	5.768715	2.165475	5.60393	0.527688	4.837889	3.761602	22.777778	5.350535	3.790136	5.660403	5.709558	2.44623	5.93809	3.068628	6.260591	0.472093
2.141275	2.531623	7.54607	3.001789	0.934183	6.072342	6.174876	1.048767	0.942241	3.569044	5.913457	5.781552	25.0	0.406411	6.692463	5.590274	1.722839	1.773152	7.161843	2.651313	0.502803	2.841684
6.426811	2.549914	6.676834	3.743385	3.21483	5.952219	1.255549	2.725459	7.013448	0.079583	6.184726	3.516098	4.426821	5.0	1.231564	3.824758	5.567031	6.850682	5.608089	7.819776	7.15389	3.178531
1.285126	5.804275	4.289778	6.148774	6.161052	2.227548	6.270882	2.915263	1.043432	3.960724	6.773715	7.027647	1.47816	7.222222	6.536959	4.025916	5.984757	1.456656	4.727527	2.849773	6.317439	5.492375
7.18709	0.006068	2.365631	0.601928	2.620144	3.405792	3.591006	0.967964	5.357702	8.382384	6.942705	4.91001	5.633274	9.444444	3.636974	5.304544	6.542068	1.134401	8.305039	8.057852	4.090258	1.512719
4.513444	5.755303	4.142639	6.604289	6.885353	1.292675	4.991472	8.661214	4.942041	0.942248	0.264997	2.864075	6.376258	11.666667	0.609472	5.108313	1.710721	5.302776	1.164383	7.67755	7.940749	0.583362
6.538655	2.229229	2.231808	7.443686	1.319966	3.100071	0.68384	2.693002	3.416973	6.621754	4.74071	1.889953	0.884699	13.888889	7.268567	6.351519	7.27407	1.580275	7.658915	2.121737	7.197489	2.864194
5.004915	4.059908	5.536043	2.205856	7.63316	3.266293	7.955274	2.64189	3.29094	8.417157	1.041526	3.792622	0.60613	16.111111	1.929495	2.670029	1.5409	1.832275	4.464223	1.791285	6.172937	8.036029
8.794685	2.819004	7.793747	0.172401	3.120055	0.370386	3.597707	6.834429	2.94457	0.45922	1.059975	7.035463	7.130956	18.333333	8.721326	2.854238	1.889105	7.530298	0.921829	4.214301	1.752084	1.650888
7.356756	7.143758	0.189536	7.465129	7.407193	3.760635	4.758641	3.593236	3.969736	1.43587	2.412716	1.111138	5.367878	20.555556	0.1567	1.711118	3.928525	0.039754	5.102702	0.984565	5.598675	5.950187
0.986927	1.730905	2.647228	5.449	5.497917	2.329115	6.727438	2.023985	6.071115	4.575062	1.310754	5.183608	3.028454	22.777778	4.845589	1.420271	5.550394	6.469764	4.363295	0.129043	6.309187	0.573172
2.133775	2.900906	2.569518	2.332828	5.815144	4.978432	5.839441	6.738701	1.46375	6.603	2.315046	6.434585	0.961681	25.0	3.546062	0.040832	6.974703	6.314551	0.869082	1.032882	1.301081	3.833998
4.419223	6.554306	8.550591	4.682053	4.024613	8.038234	8.403983	5.194364	2.508062	2.61025	0.634632	4.54887	1.454602	7.08146	5.0	0.398632	7.418951	5.522799	4.954689	0.91754	0.460193	6.621952
1.208443	0.566447	8.686675	6.574894	6.621786	8.510339	2.699247	7.809437	4.096066	5.380149	1.193068	2.419362	5.760853	8.681833	7.222222	4.555256	3.950491	0.668885	5.437464	4.205085	1.927738	1.82426
1.070877	3.892729	3.122944	0.396099	4.136667	6.971747	5.370877	0.920585	7.225367	7.044564	6.834553	5.334207	2.629731	6.930889	9.444444	4.53881	6.684875	6.642242	6.782122	0.479296	3.024427	0.521946
7.193401	3.105923	0.545713	0.189982	2.878993	4.886075	1.075792	3.145848	4.138843	3.007534	2.42044	7.149096	4.197004	3.440754	11.666667	2.797194	2.117887	7.774467	8.338656	6.811959	5.00404	8.11373
5.224435	6.750536	1.778933	6.285147	6.2206	4.548181	1.635307	0.830336	2.940643	6.997544	7.123326	3.754185	3.629444	7.24223	13.888889	3.307873	6.400171	2.832394	1.518641	3.554497	2.395075	1.141616
2.374529	5.348532	2.586403	0.122856	3.088362	5.499751	7.478971	3.489035	5.635666	1.05696	7.095005	4.064879	0.055513	1.682138	16.111111	4.194824	0.123241	4.97587	3.759625	7.654287	4.970732	8.631709
6.7272	0.817971	2.756364	5.903462	0.291436	4.841338	3.038235	0.155868	6.150287	4.979266	1.128865	7.170722	5.646454	0.29489	18.333333	1.838761	7.943299	7.084291	1.829113	1.987783	5.650251	5.43081
5.861985	4.756791	7.042172	2.994715	3.731463	2.006909	1.048749	6.803603	3.60871	2.34119	4.312478	4.874825	6.102196	6.531887	20.555556	0.131423	4.872466	0.921929	5.221121	0.147122	0.880811	5.251897
3.877061	4.295696	2.414416	7.114521	3.401252	5.208541	2.331155	1.024016	6.568743	0.00656	1.609474	4.27102	4.846808	4.391754	22.777778	2.116094	5.686642	4.515934	6.40331	2.851016	4.268692	0.019519
1.884292	5.004266	2.749082	3.630742	3.850492	7.541385	1.702519	5.552985	7.115678	5.692489	2.65781	4.730587	3.319508	0.919144	25.0	2.116242	1.541683	3.990451	7.071457	1.637013	2.00888	0.283293
1.725027	2.792345	2.087603	8.943068	6.382436	4.151106	1.946163	1.059213	7.588873	1.820589	0.077789	7.748046	2.43085	3.280234	7.256169	5.0	4.258565	2.716191	9.215159	2.266085	9.118425	8.136063
4.951051	5.831485	5.189806	5.321312	4.124759	4.45566	3.728531	6.984511	6.311643	3.589982	3.798059	0.329504	0.327113	2.943145	3.770024	7.222222	5.504559	2.44238	6.484674	6.054896	4.791479	5.843204
5.338866	1.134202	1.384762	2.478566	8.687402	3.705994	1.82361	0.426527	8.453929	2.225408	6.264599	6.815671	7.38225	5.579391	1.506028	9.444444	1.349457	4.806447	1.824296	8.170424	3.153998	8.043729
3.431466	3.158381	7.353265	4.396057	5.647762	1.429286	3.779735	7.291468	2.822095	1.41264	5.167444	5.967977	5.632784	2.608648	7.268859	11.666667	5.63218	5.399944	1.844321	1.18077	2.983422	3.924827
1.624277	6.445251	4.934053	4.879313	6.299875	4.488271	5.275615	2.413888	5.197025	3.542217	0.002697	7.154466	4.172094	2.94697	1.230853	13.888889	0.6631	0.663168	5.85466	5.892507	5.701622	6.729188
6.911822	7.747454	5.561315	7.574896	6.734832	5.729834	5.770455	6.294583	6.835339	0.370308	6.665238	0.878798	0.187546	5.434971	3.320421	16.111111	3.108893	2.48507	0.483356	0.180778	0.340522	1.272456
3.610629	1.200837	8.178695	1.880113	8.922153	3.608864	0.998601	0.478563	0.331522	7.249336	6.570063	2.159701	4.639504	1.742224	4.251064	18.333333	5.678146	5.481091	1.104259	4.008373	8.874069	0.698859
4.049883	3.377628	3.189471	5.767493	2.112535	4.36416	5.211098	4.850427	5.811151	4.891102	2.922572	5.70767	1.142777	4.038822	0.759747	20.555556	1.722064	3.45741	5.282448	5.098559	4.294563	1.392865
3.562205	4.619796	2.638362	7.125706	5.409488	2.628761	1.146479	0.281243	3.051065	2.006425	3.36775	3.110912	4.838569	6.401716	3.64077	22.777778	3.137991	0.682887	7.149356	2.661964	2.785383	6.975393
4.381609	2.9844	5.871307	1.864958	6.100685	4.012939	5.290757	1.982385	5.503902	5.324759	2.096487	4.700139	1.603616	4.977634	3.331188	25.0	0.500876	5.796516	4.287795	0.274771	0.360742	3.752533
2.963011	1.827527	3.621802	7.896168	0.033255	6.656357	3.625087	0.429835	0.283911	5.356878	1.488324	4.920863	7.756644	8.140483	4.864742	7.195671	5.0	5.419941	5.344119	4.998425	6.261356	5.915598
0.98926	6.727373	1.531165	4.397418	5.969391	7.252229	4.882818	1.694023	9.749644	4.368116	7.06926	4.836498	2.690385	2.184482	1.773367	3.741503	7.222222	1.321155	8.1545	4.02224	3.362775	6.060178
3.713808	4.715017	2.594914	0.567834	5.12671	1.67004	5.765724	6.699896	1.243746	3.450514	5.780368	7.356986	5.597412	0.896216	3.544268	5.69139	9.444444	6.677298	4.029132	5.013377	6.879387	3.541521
5.717492	7.816086	7.748336	4.011015	0.106495	6.010636	9.108941	2.645198	1.872706	1.740894	6.868484	1.78664	2.274622	3.360031	4.086544	7.529217	11.666667	8.302	2.58798	1.391442	2.253488	1.115085
7.415817	0.993661	5.738135	1.988747	6.417373	6.814304	3.465865	5.536087	7.027578	1.87359	4.932166	1.140166	5.056083	3.432737	0.875004	3.880708	13.888889	5.797977	0.746649	6.693019	3.809273	2.476172
2.825072	6.023316	1.742191	5.499989	5.839421	1.890151	1.058106	0.181385	4.490199	7.108618	4.72412	2.504164	5.599343	6.131154	7.082631	6.381982	16.111111	1.776293	1.868103	3.697101	2.217335	5.248215
0.15867	7.702295	5.379643	1.685504	2.891771	8.241165	3.921157	5.050584	2.257336	0.036486	5.702678	4.212335	3.984706	1.136686	5.205069	7.033218	18.333333	5.463041	5.847517	1.393341	1.005176	3.358289
2.054125	5.262705	5.952032	7.192927	7.592496	2.171977	0.018476	2.227512	5.496944	2.170684	0.515136	3.076825	3.42606	1.091174	6.216304	4.305605	20.555556	4.730976	3.310973	8.072984	2.558527	2.000004
2.152538	4.579491	4.593231	2.755041	4.690187	4.538305	0.518541	2.41826	5.742186	4.01723	1.996483	7.497838	8.356527	5.000298	2.010728	2.30853	22.777778	4.260821	1.399061	1.174495	3.664329	3.548102
1.164293	3.003101	2.146427	1.333305	6.176862	6.907807	6.471237	0.570232	3.753578	6.265823	2.797909	0.433913	1.603822	7.469464	5.150494	4.261159	25.0	3.653768	2.341854	5.990291	0.541754	2.962906
1.812553	1.20537	0.013913	10.243987	8.966596	4.163396	7.539856	7.053594	6.790259	6.850771	0.92009	1.142233	8.598114	2.9065	3.256596	2.254316	8.064018	5.0	0.9949	4.104934	5.898801	2.219202
0.965494	5.23551	4.80938	7.532247	2.624633	2.956013	5.511395	7.6482	4.737229	6.488989	1.209812	7.423503	0.722634	0.585979	4.994299	2.501006	4.257358	7.222222	7.979272	4.502768	6.280902	3.811154
6.005959	0.709098	4.783242	6.540991	1.320411	2.019965	5.461709	1.154991	5.881053	7.631598	0.159108	3.490163	1.564897	4.420085	5.123637	2.344872	9.644518	9.444444	1.032186	10.096403	7.012873	4.157796
0.190311	1.349574	7.475693	2.192458	0.152742	8.189514	6.443118	8.331811	4.931579	3.482579	6.370286	5.302521	6.85838	7.418549	2.130966	1.126673	2.51345	11.666667	2.99478	0.395169	6.106388	4.376794
1.241258	2.332393	5.31451	3.80476	5.310642	2.076873	6.56688	6.167222	5.078684	2.770737	0.892847	4.042032	7.00249	2.403727	2.096964	5.379105	5.206328	13.888889	4.258367	3.563839	5.16299	5.438463
1.172327	3.924442	1.744934	4.398237	3.698266	3.943371	3.337612	6.206191	2.932823	3.160678	5.174296	6.743141	6.315342	4.406417	6.455711	4.644403	6.810977	16.111111	2.533409	2.780549	0.762485	2.743279
3.908936	6.086838	1.562658	4.781826	7.460937	4.181541	4.640394	6.54597	0.172484	7.319896	2.70219	5.883189	0.632514	1.258997	8.052332	0.031236	4.25369	18.333333	3.761486	1.95299	6.140202	0.336362
7.638225	3.879569	2.71323	5.501714	0.321889	0.064907	5.176371	2.61417	4.263729	6.248427	0.660207	6.587142	7.038652	6.833293	2.632208	0.994508	7.375933	20.555556	2.899215	0.10636	0.06337	5.831328
3.414547	6.841888	0.097508	1.218231	6.560707	7.599382	2.572267	1.712979	8.160452	5.779467	1.943835	6.664321	2.046992	0.736401	5.093172	0.286803	2.907038	22.777778	5.751173	3.144195	0.174806	4.516058
5.614748	1.642887	3.212791	5.773706	6.615173	3.575337	1.522431	1.990519	1.886924	1.318502	4.1192	3.979303	2.472598	3.740993	0.730955	1.469207	8.51171	25.0	4.372578	4.407027	6.937567	1.105847
6.199884	2.223315	3.840023	6.057984	2.711335	4.650818	4.086959	4.339691	3.753643	7.079671	4.809978	6.539145	6.885545	6.371816	6.884162	0.206978	4.147893	5.10394	5.0	0.66109	3.567597	4.878533
0.668655	3.626851	0.57325	5.882642	7.449141	6.212875	3.370771	0.35244	0.845709	4.847695	8.016497	5.375366	0.121531	8.422492	5.871948	6.841618	7.634266	2.347994	7.222222	8.306524	1.374889	4.634624
2.342276	4.736211	5.446179	5.616295	1.547381	5.748926	6.943174	2.717365	0.317281	6.732693	4.025199	2.262969	6.911779	3.145632	4.88515	2.212427	6.191771	6.463775	9.444444	2.06888	3.955439	6.284754
4.908707	0.949572	8.195534	5.498091	4.077851	4.450886	3.129498	3.166362	5.682284	3.267325	5.535903	1.791871	5.953484	3.127075	3.059896	7.291442	6.363586	1.517156	11.666667	4.963256	2.602958	2.800596
5.587966	2.328432	1.648034	3.534935	4.3278	7.022168	0.138145	6.640401	5.678897	5.026918	6.27219	2.341796	0.149546	5.101261	0.912194	5.183814	6.963923	0.9011	13.888889	6.98285	5.729147	3.639592
3.044344	2.738516	5.648947	2.323168	3.375303	5.595119	5.037223	5.546993	4.71181	4.26377	4.906708	5.179447	4.621065	1.514002	4.692822	3.252879	4.111459	2.004728	16.111111	2.954472	5.38865	2.977463
5.772569	5.47612	0.323713	1.999974	5.004482	4.814836	2.322317	1.49472	1.681461	2.354995	6.016395	7.472988	6.655091	4.011214	4.481456	1.527167	4.45422	4.55843	18.333333	6.40624	3.311523	1.526755
6.622001	3.870654	1.48249	0.274439	4.562549	0.52053	2.677701	3.471633	1.722133	6.336108	6.48755	4.854349	6.396967	5.023528	6.877066	0.508359	4.003335	4.881077	20.555556	4.347436	2.447315	2.077224
1.088376	0.471932	5.284408	2.037476	0.750792	3.769759	2.046398	2.365183	3.928788	2.7594	5.538002	6.29453	1.547834	3.508959	4.082336	3.038887	6.898707	4.683383	22.777778	3.569087	6.872847	6.685138
0.973613	6.797672	1.270208	4.490525	6.28195	3.977663	1.503403	2.263651	4.088995	4.191945	4.521382	0.88499	5.624862	0.912529	4.933777	1.049643	0.929499	3.356171	25.0	7.67492	5.931996	3.340606
8.440775	2.356968	6.576945	7.633821	6.966204	8.512643	0.369517	5.77739	3.338287	1.87512	0.723624	0.067016	7.699277	2.319147	5.006131	5.526308	2.779861	5.501921	6.995504	5.0	1.028754	5.504787
2.370493	8.008641	5.617416	0.106208	1.080023	7.153719	8.71021	2.270026	3.029452	5.963618	3.742381	5.341589	5.187292	5.818661	9.369088	3.024618	2.099925	0.944042	5.215504	7.222222	4.771594	2.953276
7.294052	3.3112	4.41213	6.604079	4.083572	9.590245	0.161892	3.012308	0.858727	4.306596	2.993677	2.939994	7.038117	4.720091	0.948632	1.648325	2.331061	8.241598	4.591006	9.444444	1.938922	9.529331
0.192303	6.861247	6.90491	3.820463	5.152986	3.564987	7.108521	6.34379	5.498754	5.3633	6.248018	2.734133	4.719861	4.331808	1.060647	0.337785	5.779097	2.196028	3.193099	11.666667	4.939245	1.982352
1.521241	3.239845	5.518556	8.24343	4.340946	2.790934	1.9407	3.001727	7.351003	0.330805	3.672886	6.922556	0.861732	8.687377	1.401675	1.616886	1.90058	4.783905	9.800173	13.888889	0.965799	7.218355
0.063911	5.620733	3.09745	4.667932	2.95399	6.584742	1.916829	4.733408	4.03204	4.103482	7.803299	6.462071	1.961635	6.151411	0.205193	8.061853	4.015476	4.481413	5.829612	16.111111	0.066644	1.075766
0.629536	7.448451	7.047726	0.338349	3.750105	4.529745	0.224333	1.357855	3.865498	5.252895	5.063239	3.600541	6.420228	5.444023	6.147068	6.789522	1.122112	1.078974	5.962878	18.333333	1.124052	4.469535
6.161864	4.136839	4.812676	5.702394	4.231239	2.943611	1.982926	2.49811	3.497897	0.043733	6.022288	4.416972	3.308171	4.026502	5.206015	5.523061	1.315815	1.37239	5.483649	20.555556	5.860664	0.897627
4.401497	0.203326	6.889902	4.141744	0.073667	4.186983	0.759922	3.51448	2.117371	2.705881	5.698498	6.799111	6.600281	2.744609	5.86196	1.241081	3.377668	2.704278	7.227285	22.777778	2.946925	3.025753
0.770674	5.346006	1.71859	5.423277	6.368915	0.400035	5.073683	1.017296	5.42395	5.262944	3.481763	4.101925	1.590377	1.624698	2.892229	2.887084	2.611514	3.241118	3.03164	25.0	6.591511	6.140771
3.495756	4.539096	4.761319	4.821254	6.709408	2.929055	0.90125	6.0596	2.887417	6.602713	6.661816	4.387229	5.832346	6.452934	2.910003	5.10484	6.644736	3.063964	2.614589	6.571587	5.0	1.049087
3.108925	6.141088	1.559476	7.58199	6.298234	5.787523	8.696201	0.243248	8.059352	5.986992	5.292396	1.130779	5.459881	4.123915	0.083196	4.863625	3.725924	0.817774	5.229241	7.928255	7.222222	0.659762
9.905333	5.574277	5.256996	2.350662	0.363415	5.101655	4.633784	8.3753	0.515746	2.71546	9.394636	10.133802	1.186826	0.78177	1.316865	5.94434	6.732655	2.263773	3.018027	3.627993	9.444444	1.362242
5.52711	7.82766	0.494707	2.504311	6.303742	0.808185	7.288474	3.694725	6.472776	4.731208	6.559893	3.851899	7.739225	5.962161	6.335013	0.475853	4.951363	2.008316	1.015705	2.287363	11.666667	1.493646
