position	PBL	TIL	EPCAM
chr1:631742	9.7	21.000000000000007	71.99999999999999
chr1:631787	25.899999999999995	30.000000000000004	85.89999999999998
chr1:181516	21.000000000000007	42.000000000000014	1.0
chr1:778696	82.99999999999999	101.0	101.0
