{
 "cells": [
  {
   "cell_type": "code",
   "execution_count": 1,
   "metadata": {},
   "outputs": [],
   "source": [
    "import numpy as np\n",
    "import pandas as pd\n",
    "import random as ran\n",
    "import os"
   ]
  },
  {
   "cell_type": "code",
   "execution_count": 2,
   "metadata": {},
   "outputs": [],
   "source": [
    "file_cn = 'Data/pbltilMELtumor_abulmelMGI_PHENOCLASS.txt'\n",
    "\n",
    "transpose = True\n",
    "header = None\n",
    "index_col= True\n",
    "\n",
    "\n",
    "\n",
    "lower_lim = 0.9\n",
    "upper_lim = 0.1\n",
    "\n",
    "\n",
    "'''\n",
    "lower_lim = -5\n",
    "upper_lim = -2\n",
    "'''\n",
    "\n",
    "repetition = 3\n",
    "\n",
    "mix_num = 10\n",
    "\n",
    "outfol = file_cn+\"_from_\"+str(lower_lim)+\"_to_\"+str(upper_lim)+'_proportions'"
   ]
  },
  {
   "cell_type": "code",
   "execution_count": 3,
   "metadata": {},
   "outputs": [
    {
     "data": {
      "text/plain": [
       "Index(['PBL', 'TIL', 'MEL_TUMOR'], dtype='object', name=0)"
      ]
     },
     "execution_count": 3,
     "metadata": {},
     "output_type": "execute_result"
    }
   ],
   "source": [
    "if transpose:\n",
    "    data_cn = pd.read_csv(file_cn, sep='\\t', index_col=0, header=header)\n",
    "else:\n",
    "    data_cn = pd.read_csv(file_cn, sep='\\t', header=header)\n",
    "\n",
    "df_cn = pd.DataFrame(data_cn)\n",
    "\n",
    "if transpose:\n",
    "    df_cn = df_cn.T\n",
    "\n",
    "df_cn.columns"
   ]
  },
  {
   "cell_type": "code",
   "execution_count": 4,
   "metadata": {},
   "outputs": [],
   "source": [
    "def generate_list(cell_name, cell_list, val):\n",
    "    length = len(cell_list)\n",
    "    vals = np.zeros(length)\n",
    "    r = [ran.random() for i in range(1,length)]\n",
    "    s = sum(r)\n",
    "    r = [ (i/s) * (100 - val) for i in r ]\n",
    "    name_seen = False\n",
    "    for i in range(length):\n",
    "        if cell_list[i] != cell_name:\n",
    "            if name_seen == False:\n",
    "                vals[i] = r[i]\n",
    "            elif name_seen:\n",
    "                vals[i] = r[i - 1]\n",
    "        elif cell_list[i] == cell_name:\n",
    "            vals[i] = val\n",
    "            name_seen = True\n",
    "    return vals"
   ]
  },
  {
   "cell_type": "code",
   "execution_count": 5,
   "metadata": {},
   "outputs": [
    {
     "data": {
      "text/plain": [
       "array([90.        , 81.11111111, 72.22222222, 63.33333333, 54.44444444,\n",
       "       45.55555556, 36.66666667, 27.77777778, 18.88888889, 10.        ])"
      ]
     },
     "execution_count": 5,
     "metadata": {},
     "output_type": "execute_result"
    }
   ],
   "source": [
    "mixtures = np.linspace(lower_lim, upper_lim, num=mix_num) * 100\n",
    "#mixtures = np.logspace(lower_lim, upper_lim, num=mix_num) * 100\n",
    "mixtures"
   ]
  },
  {
   "cell_type": "code",
   "execution_count": 6,
   "metadata": {},
   "outputs": [],
   "source": [
    "os.mkdir(outfol)\n",
    "df_final = pd.DataFrame(columns = list(df_cn.columns))"
   ]
  },
  {
   "cell_type": "code",
   "execution_count": 7,
   "metadata": {},
   "outputs": [
    {
     "data": {
      "text/html": [
       "<div>\n",
       "<style scoped>\n",
       "    .dataframe tbody tr th:only-of-type {\n",
       "        vertical-align: middle;\n",
       "    }\n",
       "\n",
       "    .dataframe tbody tr th {\n",
       "        vertical-align: top;\n",
       "    }\n",
       "\n",
       "    .dataframe thead th {\n",
       "        text-align: right;\n",
       "    }\n",
       "</style>\n",
       "<table border=\"1\" class=\"dataframe\">\n",
       "  <thead>\n",
       "    <tr style=\"text-align: right;\">\n",
       "      <th></th>\n",
       "      <th>PBL</th>\n",
       "      <th>TIL</th>\n",
       "      <th>MEL_TUMOR</th>\n",
       "    </tr>\n",
       "  </thead>\n",
       "  <tbody>\n",
       "    <tr>\n",
       "      <th>0</th>\n",
       "      <td>90.000000</td>\n",
       "      <td>5.183131</td>\n",
       "      <td>4.816869</td>\n",
       "    </tr>\n",
       "    <tr>\n",
       "      <th>1</th>\n",
       "      <td>90.000000</td>\n",
       "      <td>4.985085</td>\n",
       "      <td>5.014915</td>\n",
       "    </tr>\n",
       "    <tr>\n",
       "      <th>2</th>\n",
       "      <td>90.000000</td>\n",
       "      <td>7.521632</td>\n",
       "      <td>2.478368</td>\n",
       "    </tr>\n",
       "    <tr>\n",
       "      <th>3</th>\n",
       "      <td>81.111111</td>\n",
       "      <td>7.029267</td>\n",
       "      <td>11.859622</td>\n",
       "    </tr>\n",
       "    <tr>\n",
       "      <th>4</th>\n",
       "      <td>81.111111</td>\n",
       "      <td>2.605117</td>\n",
       "      <td>16.283772</td>\n",
       "    </tr>\n",
       "    <tr>\n",
       "      <th>5</th>\n",
       "      <td>81.111111</td>\n",
       "      <td>7.243547</td>\n",
       "      <td>11.645342</td>\n",
       "    </tr>\n",
       "    <tr>\n",
       "      <th>6</th>\n",
       "      <td>72.222222</td>\n",
       "      <td>3.429195</td>\n",
       "      <td>24.348583</td>\n",
       "    </tr>\n",
       "    <tr>\n",
       "      <th>7</th>\n",
       "      <td>72.222222</td>\n",
       "      <td>20.038681</td>\n",
       "      <td>7.739097</td>\n",
       "    </tr>\n",
       "    <tr>\n",
       "      <th>8</th>\n",
       "      <td>72.222222</td>\n",
       "      <td>16.001680</td>\n",
       "      <td>11.776098</td>\n",
       "    </tr>\n",
       "    <tr>\n",
       "      <th>9</th>\n",
       "      <td>63.333333</td>\n",
       "      <td>1.034951</td>\n",
       "      <td>35.631715</td>\n",
       "    </tr>\n",
       "    <tr>\n",
       "      <th>10</th>\n",
       "      <td>63.333333</td>\n",
       "      <td>22.668923</td>\n",
       "      <td>13.997743</td>\n",
       "    </tr>\n",
       "    <tr>\n",
       "      <th>11</th>\n",
       "      <td>63.333333</td>\n",
       "      <td>16.878869</td>\n",
       "      <td>19.787798</td>\n",
       "    </tr>\n",
       "    <tr>\n",
       "      <th>12</th>\n",
       "      <td>54.444444</td>\n",
       "      <td>17.461662</td>\n",
       "      <td>28.093894</td>\n",
       "    </tr>\n",
       "    <tr>\n",
       "      <th>13</th>\n",
       "      <td>54.444444</td>\n",
       "      <td>18.506067</td>\n",
       "      <td>27.049489</td>\n",
       "    </tr>\n",
       "    <tr>\n",
       "      <th>14</th>\n",
       "      <td>54.444444</td>\n",
       "      <td>37.309650</td>\n",
       "      <td>8.245906</td>\n",
       "    </tr>\n",
       "    <tr>\n",
       "      <th>15</th>\n",
       "      <td>45.555556</td>\n",
       "      <td>4.637915</td>\n",
       "      <td>49.806530</td>\n",
       "    </tr>\n",
       "    <tr>\n",
       "      <th>16</th>\n",
       "      <td>45.555556</td>\n",
       "      <td>26.725724</td>\n",
       "      <td>27.718720</td>\n",
       "    </tr>\n",
       "    <tr>\n",
       "      <th>17</th>\n",
       "      <td>45.555556</td>\n",
       "      <td>21.426323</td>\n",
       "      <td>33.018122</td>\n",
       "    </tr>\n",
       "    <tr>\n",
       "      <th>18</th>\n",
       "      <td>36.666667</td>\n",
       "      <td>62.308462</td>\n",
       "      <td>1.024872</td>\n",
       "    </tr>\n",
       "    <tr>\n",
       "      <th>19</th>\n",
       "      <td>36.666667</td>\n",
       "      <td>8.790789</td>\n",
       "      <td>54.542544</td>\n",
       "    </tr>\n",
       "    <tr>\n",
       "      <th>20</th>\n",
       "      <td>36.666667</td>\n",
       "      <td>2.376210</td>\n",
       "      <td>60.957123</td>\n",
       "    </tr>\n",
       "    <tr>\n",
       "      <th>21</th>\n",
       "      <td>27.777778</td>\n",
       "      <td>33.157115</td>\n",
       "      <td>39.065108</td>\n",
       "    </tr>\n",
       "    <tr>\n",
       "      <th>22</th>\n",
       "      <td>27.777778</td>\n",
       "      <td>5.330734</td>\n",
       "      <td>66.891489</td>\n",
       "    </tr>\n",
       "    <tr>\n",
       "      <th>23</th>\n",
       "      <td>27.777778</td>\n",
       "      <td>34.492885</td>\n",
       "      <td>37.729337</td>\n",
       "    </tr>\n",
       "    <tr>\n",
       "      <th>24</th>\n",
       "      <td>18.888889</td>\n",
       "      <td>39.815017</td>\n",
       "      <td>41.296094</td>\n",
       "    </tr>\n",
       "    <tr>\n",
       "      <th>25</th>\n",
       "      <td>18.888889</td>\n",
       "      <td>8.939013</td>\n",
       "      <td>72.172098</td>\n",
       "    </tr>\n",
       "    <tr>\n",
       "      <th>26</th>\n",
       "      <td>18.888889</td>\n",
       "      <td>34.027820</td>\n",
       "      <td>47.083291</td>\n",
       "    </tr>\n",
       "    <tr>\n",
       "      <th>27</th>\n",
       "      <td>10.000000</td>\n",
       "      <td>42.216831</td>\n",
       "      <td>47.783169</td>\n",
       "    </tr>\n",
       "    <tr>\n",
       "      <th>28</th>\n",
       "      <td>10.000000</td>\n",
       "      <td>35.824172</td>\n",
       "      <td>54.175828</td>\n",
       "    </tr>\n",
       "    <tr>\n",
       "      <th>29</th>\n",
       "      <td>10.000000</td>\n",
       "      <td>20.732181</td>\n",
       "      <td>69.267819</td>\n",
       "    </tr>\n",
       "  </tbody>\n",
       "</table>\n",
       "</div>"
      ],
      "text/plain": [
       "          PBL        TIL  MEL_TUMOR\n",
       "0   90.000000   5.183131   4.816869\n",
       "1   90.000000   4.985085   5.014915\n",
       "2   90.000000   7.521632   2.478368\n",
       "3   81.111111   7.029267  11.859622\n",
       "4   81.111111   2.605117  16.283772\n",
       "5   81.111111   7.243547  11.645342\n",
       "6   72.222222   3.429195  24.348583\n",
       "7   72.222222  20.038681   7.739097\n",
       "8   72.222222  16.001680  11.776098\n",
       "9   63.333333   1.034951  35.631715\n",
       "10  63.333333  22.668923  13.997743\n",
       "11  63.333333  16.878869  19.787798\n",
       "12  54.444444  17.461662  28.093894\n",
       "13  54.444444  18.506067  27.049489\n",
       "14  54.444444  37.309650   8.245906\n",
       "15  45.555556   4.637915  49.806530\n",
       "16  45.555556  26.725724  27.718720\n",
       "17  45.555556  21.426323  33.018122\n",
       "18  36.666667  62.308462   1.024872\n",
       "19  36.666667   8.790789  54.542544\n",
       "20  36.666667   2.376210  60.957123\n",
       "21  27.777778  33.157115  39.065108\n",
       "22  27.777778   5.330734  66.891489\n",
       "23  27.777778  34.492885  37.729337\n",
       "24  18.888889  39.815017  41.296094\n",
       "25  18.888889   8.939013  72.172098\n",
       "26  18.888889  34.027820  47.083291\n",
       "27  10.000000  42.216831  47.783169\n",
       "28  10.000000  35.824172  54.175828\n",
       "29  10.000000  20.732181  69.267819"
      ]
     },
     "metadata": {},
     "output_type": "display_data"
    },
    {
     "data": {
      "text/html": [
       "<div>\n",
       "<style scoped>\n",
       "    .dataframe tbody tr th:only-of-type {\n",
       "        vertical-align: middle;\n",
       "    }\n",
       "\n",
       "    .dataframe tbody tr th {\n",
       "        vertical-align: top;\n",
       "    }\n",
       "\n",
       "    .dataframe thead th {\n",
       "        text-align: right;\n",
       "    }\n",
       "</style>\n",
       "<table border=\"1\" class=\"dataframe\">\n",
       "  <thead>\n",
       "    <tr style=\"text-align: right;\">\n",
       "      <th></th>\n",
       "      <th>PBL</th>\n",
       "      <th>TIL</th>\n",
       "      <th>MEL_TUMOR</th>\n",
       "    </tr>\n",
       "  </thead>\n",
       "  <tbody>\n",
       "    <tr>\n",
       "      <th>0</th>\n",
       "      <td>6.709022</td>\n",
       "      <td>90.000000</td>\n",
       "      <td>3.290978</td>\n",
       "    </tr>\n",
       "    <tr>\n",
       "      <th>1</th>\n",
       "      <td>0.862826</td>\n",
       "      <td>90.000000</td>\n",
       "      <td>9.137174</td>\n",
       "    </tr>\n",
       "    <tr>\n",
       "      <th>2</th>\n",
       "      <td>5.493914</td>\n",
       "      <td>90.000000</td>\n",
       "      <td>4.506086</td>\n",
       "    </tr>\n",
       "    <tr>\n",
       "      <th>3</th>\n",
       "      <td>17.820920</td>\n",
       "      <td>81.111111</td>\n",
       "      <td>1.067969</td>\n",
       "    </tr>\n",
       "    <tr>\n",
       "      <th>4</th>\n",
       "      <td>8.706482</td>\n",
       "      <td>81.111111</td>\n",
       "      <td>10.182407</td>\n",
       "    </tr>\n",
       "    <tr>\n",
       "      <th>5</th>\n",
       "      <td>11.987661</td>\n",
       "      <td>81.111111</td>\n",
       "      <td>6.901228</td>\n",
       "    </tr>\n",
       "    <tr>\n",
       "      <th>6</th>\n",
       "      <td>20.296436</td>\n",
       "      <td>72.222222</td>\n",
       "      <td>7.481342</td>\n",
       "    </tr>\n",
       "    <tr>\n",
       "      <th>7</th>\n",
       "      <td>22.705212</td>\n",
       "      <td>72.222222</td>\n",
       "      <td>5.072566</td>\n",
       "    </tr>\n",
       "    <tr>\n",
       "      <th>8</th>\n",
       "      <td>8.037823</td>\n",
       "      <td>72.222222</td>\n",
       "      <td>19.739955</td>\n",
       "    </tr>\n",
       "    <tr>\n",
       "      <th>9</th>\n",
       "      <td>33.074877</td>\n",
       "      <td>63.333333</td>\n",
       "      <td>3.591789</td>\n",
       "    </tr>\n",
       "    <tr>\n",
       "      <th>10</th>\n",
       "      <td>21.250965</td>\n",
       "      <td>63.333333</td>\n",
       "      <td>15.415702</td>\n",
       "    </tr>\n",
       "    <tr>\n",
       "      <th>11</th>\n",
       "      <td>2.526177</td>\n",
       "      <td>63.333333</td>\n",
       "      <td>34.140490</td>\n",
       "    </tr>\n",
       "    <tr>\n",
       "      <th>12</th>\n",
       "      <td>43.520400</td>\n",
       "      <td>54.444444</td>\n",
       "      <td>2.035156</td>\n",
       "    </tr>\n",
       "    <tr>\n",
       "      <th>13</th>\n",
       "      <td>11.345110</td>\n",
       "      <td>54.444444</td>\n",
       "      <td>34.210445</td>\n",
       "    </tr>\n",
       "    <tr>\n",
       "      <th>14</th>\n",
       "      <td>2.112187</td>\n",
       "      <td>54.444444</td>\n",
       "      <td>43.443369</td>\n",
       "    </tr>\n",
       "    <tr>\n",
       "      <th>15</th>\n",
       "      <td>36.373894</td>\n",
       "      <td>45.555556</td>\n",
       "      <td>18.070551</td>\n",
       "    </tr>\n",
       "    <tr>\n",
       "      <th>16</th>\n",
       "      <td>0.441680</td>\n",
       "      <td>45.555556</td>\n",
       "      <td>54.002764</td>\n",
       "    </tr>\n",
       "    <tr>\n",
       "      <th>17</th>\n",
       "      <td>16.277130</td>\n",
       "      <td>45.555556</td>\n",
       "      <td>38.167315</td>\n",
       "    </tr>\n",
       "    <tr>\n",
       "      <th>18</th>\n",
       "      <td>41.912708</td>\n",
       "      <td>36.666667</td>\n",
       "      <td>21.420625</td>\n",
       "    </tr>\n",
       "    <tr>\n",
       "      <th>19</th>\n",
       "      <td>3.367194</td>\n",
       "      <td>36.666667</td>\n",
       "      <td>59.966139</td>\n",
       "    </tr>\n",
       "    <tr>\n",
       "      <th>20</th>\n",
       "      <td>3.615687</td>\n",
       "      <td>36.666667</td>\n",
       "      <td>59.717646</td>\n",
       "    </tr>\n",
       "    <tr>\n",
       "      <th>21</th>\n",
       "      <td>37.979439</td>\n",
       "      <td>27.777778</td>\n",
       "      <td>34.242784</td>\n",
       "    </tr>\n",
       "    <tr>\n",
       "      <th>22</th>\n",
       "      <td>63.992015</td>\n",
       "      <td>27.777778</td>\n",
       "      <td>8.230207</td>\n",
       "    </tr>\n",
       "    <tr>\n",
       "      <th>23</th>\n",
       "      <td>62.349233</td>\n",
       "      <td>27.777778</td>\n",
       "      <td>9.872989</td>\n",
       "    </tr>\n",
       "    <tr>\n",
       "      <th>24</th>\n",
       "      <td>25.699947</td>\n",
       "      <td>18.888889</td>\n",
       "      <td>55.411164</td>\n",
       "    </tr>\n",
       "    <tr>\n",
       "      <th>25</th>\n",
       "      <td>37.664528</td>\n",
       "      <td>18.888889</td>\n",
       "      <td>43.446583</td>\n",
       "    </tr>\n",
       "    <tr>\n",
       "      <th>26</th>\n",
       "      <td>63.844958</td>\n",
       "      <td>18.888889</td>\n",
       "      <td>17.266153</td>\n",
       "    </tr>\n",
       "    <tr>\n",
       "      <th>27</th>\n",
       "      <td>24.540109</td>\n",
       "      <td>10.000000</td>\n",
       "      <td>65.459891</td>\n",
       "    </tr>\n",
       "    <tr>\n",
       "      <th>28</th>\n",
       "      <td>11.705026</td>\n",
       "      <td>10.000000</td>\n",
       "      <td>78.294974</td>\n",
       "    </tr>\n",
       "    <tr>\n",
       "      <th>29</th>\n",
       "      <td>89.825267</td>\n",
       "      <td>10.000000</td>\n",
       "      <td>0.174733</td>\n",
       "    </tr>\n",
       "  </tbody>\n",
       "</table>\n",
       "</div>"
      ],
      "text/plain": [
       "          PBL        TIL  MEL_TUMOR\n",
       "0    6.709022  90.000000   3.290978\n",
       "1    0.862826  90.000000   9.137174\n",
       "2    5.493914  90.000000   4.506086\n",
       "3   17.820920  81.111111   1.067969\n",
       "4    8.706482  81.111111  10.182407\n",
       "5   11.987661  81.111111   6.901228\n",
       "6   20.296436  72.222222   7.481342\n",
       "7   22.705212  72.222222   5.072566\n",
       "8    8.037823  72.222222  19.739955\n",
       "9   33.074877  63.333333   3.591789\n",
       "10  21.250965  63.333333  15.415702\n",
       "11   2.526177  63.333333  34.140490\n",
       "12  43.520400  54.444444   2.035156\n",
       "13  11.345110  54.444444  34.210445\n",
       "14   2.112187  54.444444  43.443369\n",
       "15  36.373894  45.555556  18.070551\n",
       "16   0.441680  45.555556  54.002764\n",
       "17  16.277130  45.555556  38.167315\n",
       "18  41.912708  36.666667  21.420625\n",
       "19   3.367194  36.666667  59.966139\n",
       "20   3.615687  36.666667  59.717646\n",
       "21  37.979439  27.777778  34.242784\n",
       "22  63.992015  27.777778   8.230207\n",
       "23  62.349233  27.777778   9.872989\n",
       "24  25.699947  18.888889  55.411164\n",
       "25  37.664528  18.888889  43.446583\n",
       "26  63.844958  18.888889  17.266153\n",
       "27  24.540109  10.000000  65.459891\n",
       "28  11.705026  10.000000  78.294974\n",
       "29  89.825267  10.000000   0.174733"
      ]
     },
     "metadata": {},
     "output_type": "display_data"
    },
    {
     "data": {
      "text/html": [
       "<div>\n",
       "<style scoped>\n",
       "    .dataframe tbody tr th:only-of-type {\n",
       "        vertical-align: middle;\n",
       "    }\n",
       "\n",
       "    .dataframe tbody tr th {\n",
       "        vertical-align: top;\n",
       "    }\n",
       "\n",
       "    .dataframe thead th {\n",
       "        text-align: right;\n",
       "    }\n",
       "</style>\n",
       "<table border=\"1\" class=\"dataframe\">\n",
       "  <thead>\n",
       "    <tr style=\"text-align: right;\">\n",
       "      <th></th>\n",
       "      <th>PBL</th>\n",
       "      <th>TIL</th>\n",
       "      <th>MEL_TUMOR</th>\n",
       "    </tr>\n",
       "  </thead>\n",
       "  <tbody>\n",
       "    <tr>\n",
       "      <th>0</th>\n",
       "      <td>1.293233</td>\n",
       "      <td>8.706767</td>\n",
       "      <td>90.000000</td>\n",
       "    </tr>\n",
       "    <tr>\n",
       "      <th>1</th>\n",
       "      <td>4.691804</td>\n",
       "      <td>5.308196</td>\n",
       "      <td>90.000000</td>\n",
       "    </tr>\n",
       "    <tr>\n",
       "      <th>2</th>\n",
       "      <td>1.526138</td>\n",
       "      <td>8.473862</td>\n",
       "      <td>90.000000</td>\n",
       "    </tr>\n",
       "    <tr>\n",
       "      <th>3</th>\n",
       "      <td>8.242592</td>\n",
       "      <td>10.646297</td>\n",
       "      <td>81.111111</td>\n",
       "    </tr>\n",
       "    <tr>\n",
       "      <th>4</th>\n",
       "      <td>8.731763</td>\n",
       "      <td>10.157126</td>\n",
       "      <td>81.111111</td>\n",
       "    </tr>\n",
       "    <tr>\n",
       "      <th>5</th>\n",
       "      <td>8.761195</td>\n",
       "      <td>10.127694</td>\n",
       "      <td>81.111111</td>\n",
       "    </tr>\n",
       "    <tr>\n",
       "      <th>6</th>\n",
       "      <td>24.304739</td>\n",
       "      <td>3.473038</td>\n",
       "      <td>72.222222</td>\n",
       "    </tr>\n",
       "    <tr>\n",
       "      <th>7</th>\n",
       "      <td>15.244329</td>\n",
       "      <td>12.533449</td>\n",
       "      <td>72.222222</td>\n",
       "    </tr>\n",
       "    <tr>\n",
       "      <th>8</th>\n",
       "      <td>13.625037</td>\n",
       "      <td>14.152741</td>\n",
       "      <td>72.222222</td>\n",
       "    </tr>\n",
       "    <tr>\n",
       "      <th>9</th>\n",
       "      <td>11.862461</td>\n",
       "      <td>24.804205</td>\n",
       "      <td>63.333333</td>\n",
       "    </tr>\n",
       "    <tr>\n",
       "      <th>10</th>\n",
       "      <td>10.269682</td>\n",
       "      <td>26.396984</td>\n",
       "      <td>63.333333</td>\n",
       "    </tr>\n",
       "    <tr>\n",
       "      <th>11</th>\n",
       "      <td>15.065491</td>\n",
       "      <td>21.601175</td>\n",
       "      <td>63.333333</td>\n",
       "    </tr>\n",
       "    <tr>\n",
       "      <th>12</th>\n",
       "      <td>24.111842</td>\n",
       "      <td>21.443714</td>\n",
       "      <td>54.444444</td>\n",
       "    </tr>\n",
       "    <tr>\n",
       "      <th>13</th>\n",
       "      <td>20.811702</td>\n",
       "      <td>24.743853</td>\n",
       "      <td>54.444444</td>\n",
       "    </tr>\n",
       "    <tr>\n",
       "      <th>14</th>\n",
       "      <td>17.666179</td>\n",
       "      <td>27.889377</td>\n",
       "      <td>54.444444</td>\n",
       "    </tr>\n",
       "    <tr>\n",
       "      <th>15</th>\n",
       "      <td>20.703441</td>\n",
       "      <td>33.741004</td>\n",
       "      <td>45.555556</td>\n",
       "    </tr>\n",
       "    <tr>\n",
       "      <th>16</th>\n",
       "      <td>26.005659</td>\n",
       "      <td>28.438785</td>\n",
       "      <td>45.555556</td>\n",
       "    </tr>\n",
       "    <tr>\n",
       "      <th>17</th>\n",
       "      <td>27.610055</td>\n",
       "      <td>26.834389</td>\n",
       "      <td>45.555556</td>\n",
       "    </tr>\n",
       "    <tr>\n",
       "      <th>18</th>\n",
       "      <td>11.402614</td>\n",
       "      <td>51.930719</td>\n",
       "      <td>36.666667</td>\n",
       "    </tr>\n",
       "    <tr>\n",
       "      <th>19</th>\n",
       "      <td>36.117172</td>\n",
       "      <td>27.216161</td>\n",
       "      <td>36.666667</td>\n",
       "    </tr>\n",
       "    <tr>\n",
       "      <th>20</th>\n",
       "      <td>33.620181</td>\n",
       "      <td>29.713152</td>\n",
       "      <td>36.666667</td>\n",
       "    </tr>\n",
       "    <tr>\n",
       "      <th>21</th>\n",
       "      <td>2.087367</td>\n",
       "      <td>70.134855</td>\n",
       "      <td>27.777778</td>\n",
       "    </tr>\n",
       "    <tr>\n",
       "      <th>22</th>\n",
       "      <td>36.961587</td>\n",
       "      <td>35.260635</td>\n",
       "      <td>27.777778</td>\n",
       "    </tr>\n",
       "    <tr>\n",
       "      <th>23</th>\n",
       "      <td>19.180051</td>\n",
       "      <td>53.042171</td>\n",
       "      <td>27.777778</td>\n",
       "    </tr>\n",
       "    <tr>\n",
       "      <th>24</th>\n",
       "      <td>6.892885</td>\n",
       "      <td>74.218226</td>\n",
       "      <td>18.888889</td>\n",
       "    </tr>\n",
       "    <tr>\n",
       "      <th>25</th>\n",
       "      <td>4.669814</td>\n",
       "      <td>76.441297</td>\n",
       "      <td>18.888889</td>\n",
       "    </tr>\n",
       "    <tr>\n",
       "      <th>26</th>\n",
       "      <td>53.440996</td>\n",
       "      <td>27.670115</td>\n",
       "      <td>18.888889</td>\n",
       "    </tr>\n",
       "    <tr>\n",
       "      <th>27</th>\n",
       "      <td>59.089877</td>\n",
       "      <td>30.910123</td>\n",
       "      <td>10.000000</td>\n",
       "    </tr>\n",
       "    <tr>\n",
       "      <th>28</th>\n",
       "      <td>45.349022</td>\n",
       "      <td>44.650978</td>\n",
       "      <td>10.000000</td>\n",
       "    </tr>\n",
       "    <tr>\n",
       "      <th>29</th>\n",
       "      <td>68.648577</td>\n",
       "      <td>21.351423</td>\n",
       "      <td>10.000000</td>\n",
       "    </tr>\n",
       "  </tbody>\n",
       "</table>\n",
       "</div>"
      ],
      "text/plain": [
       "          PBL        TIL  MEL_TUMOR\n",
       "0    1.293233   8.706767  90.000000\n",
       "1    4.691804   5.308196  90.000000\n",
       "2    1.526138   8.473862  90.000000\n",
       "3    8.242592  10.646297  81.111111\n",
       "4    8.731763  10.157126  81.111111\n",
       "5    8.761195  10.127694  81.111111\n",
       "6   24.304739   3.473038  72.222222\n",
       "7   15.244329  12.533449  72.222222\n",
       "8   13.625037  14.152741  72.222222\n",
       "9   11.862461  24.804205  63.333333\n",
       "10  10.269682  26.396984  63.333333\n",
       "11  15.065491  21.601175  63.333333\n",
       "12  24.111842  21.443714  54.444444\n",
       "13  20.811702  24.743853  54.444444\n",
       "14  17.666179  27.889377  54.444444\n",
       "15  20.703441  33.741004  45.555556\n",
       "16  26.005659  28.438785  45.555556\n",
       "17  27.610055  26.834389  45.555556\n",
       "18  11.402614  51.930719  36.666667\n",
       "19  36.117172  27.216161  36.666667\n",
       "20  33.620181  29.713152  36.666667\n",
       "21   2.087367  70.134855  27.777778\n",
       "22  36.961587  35.260635  27.777778\n",
       "23  19.180051  53.042171  27.777778\n",
       "24   6.892885  74.218226  18.888889\n",
       "25   4.669814  76.441297  18.888889\n",
       "26  53.440996  27.670115  18.888889\n",
       "27  59.089877  30.910123  10.000000\n",
       "28  45.349022  44.650978  10.000000\n",
       "29  68.648577  21.351423  10.000000"
      ]
     },
     "metadata": {},
     "output_type": "display_data"
    }
   ],
   "source": [
    "# os.mkdir(outfol)\n",
    "\n",
    "for cell in list(df_cn.columns):\n",
    "    df_out = pd.DataFrame(columns = list(df_cn.columns))\n",
    "    for val in mixtures:\n",
    "        for i in range(repetition):\n",
    "            arr = generate_list(cell, list(df_cn.columns), val)\n",
    "            while 0.0 in arr:\n",
    "                arr = generate_list(cell, list(df_cn.columns), val)\n",
    "            df_out.loc[len(df_out.index)] = arr\n",
    "    display(df_out)\n",
    "    df_out=df_out.round(6)\n",
    "    df_final = pd.concat([df_final, df_out])\n",
    "    \n",
    "    \n",
    "    df_out.to_csv(outfol + '/' + cell + '.txt', sep='\\t', index=False)"
   ]
  },
  {
   "cell_type": "code",
   "execution_count": 8,
   "metadata": {},
   "outputs": [
    {
     "data": {
      "text/html": [
       "<div>\n",
       "<style scoped>\n",
       "    .dataframe tbody tr th:only-of-type {\n",
       "        vertical-align: middle;\n",
       "    }\n",
       "\n",
       "    .dataframe tbody tr th {\n",
       "        vertical-align: top;\n",
       "    }\n",
       "\n",
       "    .dataframe thead th {\n",
       "        text-align: right;\n",
       "    }\n",
       "</style>\n",
       "<table border=\"1\" class=\"dataframe\">\n",
       "  <thead>\n",
       "    <tr style=\"text-align: right;\">\n",
       "      <th></th>\n",
       "      <th>PBL</th>\n",
       "      <th>TIL</th>\n",
       "      <th>MEL_TUMOR</th>\n",
       "    </tr>\n",
       "  </thead>\n",
       "  <tbody>\n",
       "    <tr>\n",
       "      <th>0</th>\n",
       "      <td>90.000000</td>\n",
       "      <td>5.183131</td>\n",
       "      <td>4.816869</td>\n",
       "    </tr>\n",
       "    <tr>\n",
       "      <th>1</th>\n",
       "      <td>90.000000</td>\n",
       "      <td>4.985085</td>\n",
       "      <td>5.014915</td>\n",
       "    </tr>\n",
       "    <tr>\n",
       "      <th>2</th>\n",
       "      <td>90.000000</td>\n",
       "      <td>7.521632</td>\n",
       "      <td>2.478368</td>\n",
       "    </tr>\n",
       "    <tr>\n",
       "      <th>3</th>\n",
       "      <td>81.111111</td>\n",
       "      <td>7.029267</td>\n",
       "      <td>11.859622</td>\n",
       "    </tr>\n",
       "    <tr>\n",
       "      <th>4</th>\n",
       "      <td>81.111111</td>\n",
       "      <td>2.605117</td>\n",
       "      <td>16.283772</td>\n",
       "    </tr>\n",
       "  </tbody>\n",
       "</table>\n",
       "</div>"
      ],
      "text/plain": [
       "         PBL       TIL  MEL_TUMOR\n",
       "0  90.000000  5.183131   4.816869\n",
       "1  90.000000  4.985085   5.014915\n",
       "2  90.000000  7.521632   2.478368\n",
       "3  81.111111  7.029267  11.859622\n",
       "4  81.111111  2.605117  16.283772"
      ]
     },
     "execution_count": 8,
     "metadata": {},
     "output_type": "execute_result"
    }
   ],
   "source": [
    "df_final.head()"
   ]
  },
  {
   "cell_type": "code",
   "execution_count": 9,
   "metadata": {},
   "outputs": [],
   "source": [
    "df_final.to_csv(outfol + '/combined.txt', sep='\\t', index=False)"
   ]
  },
  {
   "cell_type": "code",
   "execution_count": null,
   "metadata": {},
   "outputs": [],
   "source": []
  }
 ],
 "metadata": {
  "kernelspec": {
   "display_name": "Python 3",
   "language": "python",
   "name": "python3"
  },
  "language_info": {
   "codemirror_mode": {
    "name": "ipython",
    "version": 3
   },
   "file_extension": ".py",
   "mimetype": "text/x-python",
   "name": "python",
   "nbconvert_exporter": "python",
   "pygments_lexer": "ipython3",
   "version": "3.6.7"
  }
 },
 "nbformat": 4,
 "nbformat_minor": 4
}
